INFO:root:Using good policy maddpg and adv policy maddpg
INFO:root:Starting iterations...
INFO:root:Episode 0 Counter({5: 13})
INFO:root:[-294.0, -3577.0, -2009.0, -236.0, -236.0, -236.0, -236.0, 236.0, 236.0, 236.0, 236.0, 236.0, 236.0]
INFO:root:Episode 1 Counter({5: 13})
INFO:root:[-277, -277, -277, -277, -277, -277, -277, 277, 277, 277, 277, 277, 277]
INFO:root:Episode 2 Counter({5: 13})
INFO:root:[-326, -2442, -326, -326, -326, -326, -326, 326, 326, 326, 326, 326, 326]
INFO:root:Episode 3 Counter({5: 13})
INFO:root:[-323, -3076, -323, -323, -323, -323, -323, 323, 323, 323, 323, 323, 323]
INFO:root:Episode 4 Counter({5: 13})
INFO:root:[-3211, -3211, -213, -213, -213, -213, -213, 213, 213, 213, 213, 213, 213]
INFO:root:Episode 5 Counter({5: 13})
INFO:root:[-2164, -1429, -195, -195, -195, -195, -195, 195, 195, 195, 195, 195, 195]
INFO:root:Episode 6 Counter({5: 13})
INFO:root:[-4367, -340, -340, -340, -340, -340, -340, 340, 340, 340, 340, 340, 340]
INFO:root:Episode 7 Counter({5: 13})
INFO:root:[-3958, -323, -323, -2047, -323, -323, -323, 323, 323, 323, 323, 323, 323]
INFO:root:Episode 8 Counter({5: 13})
INFO:root:[-495, -290, -290, -290, -290, -290, -290, 290, 290, 290, 290, 290, 290]
INFO:root:Episode 9 Counter({5: 13})
INFO:root:[-1246, -306, -306, -306, -306, -306, -306, 306, 306, 306, 306, 306, 306]
INFO:root:Episode 10 Counter({5: 13})
INFO:root:[-317, -2433, -317, -317, -317, -317, -317, 317, 317, 317, 317, 317, 317]
INFO:root:Episode 11 Counter({5: 13})
INFO:root:[-1400, -313, -313, -313, -313, -313, -313, 313, 313, 313, 313, 313, 313]
INFO:root:Episode 12 Counter({5: 13})
INFO:root:[-291, -1966, -291, -291, -291, -291, -291, 291, 291, 291, 291, 291, 291]
INFO:root:Episode 13 Counter({5: 13})
INFO:root:[-896, -201, -201, -201, -201, -201, -201, 201, 201, 201, 201, 201, 201]
INFO:root:Episode 14 Counter({5: 13})
INFO:root:[-272, -272, -272, -272, -272, -272, -272, 272, 272, 272, 272, 272, 272]
INFO:root:Episode 15 Counter({5: 13})
INFO:root:[-279, -2003, -279, -279, -279, -279, -279, 279, 279, 279, 279, 279, 279]
INFO:root:Episode 16 Counter({5: 13})
INFO:root:[-197, -598, -197, -197, -197, -197, -197, 197, 197, 197, 197, 197, 197]
INFO:root:Episode 17 Counter({5: 13})
INFO:root:[-2054, -281, -281, -1858, -281, -281, -281, 281, 281, 281, 281, 281, 281]
INFO:root:Episode 18 Counter({5: 13})
INFO:root:[-280, -280, -280, -280, -280, -280, -280, 280, 280, 280, 280, 280, 280]
INFO:root:Episode 19 Counter({5: 13})
INFO:root:[-324, -324, -324, -324, -324, -324, -324, 324, 324, 324, 324, 324, 324]
INFO:root:Episode 20 Counter({5: 13})
INFO:root:[-4349, -2095, -322, -322, -322, -322, -322, 322, 322, 322, 322, 322, 322]
INFO:root:Episode 21 Counter({5: 13})
INFO:root:[-261, -907, -261, -261, -261, -261, -261, 261, 261, 261, 261, 261, 261]
INFO:root:Episode 22 Counter({4: 12, 2: 1})
INFO:root:[-231, -231, -231, -231, -231, -231, -231, 231, 231, 231, 231, 231, 220]
INFO:root:Episode 23 Counter({5: 13})
INFO:root:[-310, -3210, -310, -310, -310, -310, -310, 310, 310, 310, 310, 310, 310]
INFO:root:Episode 24 Counter({5: 13})
INFO:root:[-174, -174, -174, -174, -174, -174, -174, 174, 174, 174, 174, 174, 174]
INFO:root:Episode 25 Counter({5: 13})
INFO:root:[-3866, -329, -329, -329, -329, -329, -329, 329, 329, 329, 329, 329, 318]
INFO:root:Episode 26 Counter({5: 13})
INFO:root:[-276, -276, -276, -276, -276, -276, -276, 276, 276, 276, 276, 276, 276]
INFO:root:Episode 27 Counter({5: 13})
INFO:root:[-235, -235, -235, -235, -235, -235, -235, 235, 235, 235, 235, 235, 235]
INFO:root:Episode 28 Counter({4: 11, 2: 2})
INFO:root:[-218, -1581, -218, -218, -218, -218, -218, 218, 218, 218, 218, 218, 207]
INFO:root:Episode 29 Counter({5: 13})
INFO:root:[-4028, -246, -246, -246, -246, -246, -246, 246, 246, 246, 246, 246, 246]
INFO:root:Episode 30 Counter({4: 10, 2: 3})
INFO:root:[-255, -4509, -255, -255, -255, -255, -255, 255, 255, 255, 255, -419, 244]
INFO:root:Episode 31 Counter({5: 13})
INFO:root:[-330, -2397, -330, -330, -330, -330, -330, 330, 330, 330, 330, 330, 330]
INFO:root:Episode 32 Counter({5: 13})
INFO:root:[-253, -253, -253, -253, -253, -253, -253, 253, 253, 253, 253, 253, 253]
INFO:root:Episode 33 Counter({5: 13})
INFO:root:[-674, -322, -322, -322, -322, -322, -322, 322, 322, 322, 322, 322, 322]
INFO:root:Episode 34 Counter({5: 13})
INFO:root:[-2304, -286, -286, -286, -286, -286, -286, 286, 286, 286, 286, 286, 286]
INFO:root:Episode 35 Counter({5: 13})
INFO:root:[-292, -1272, -283, -283, -283, -283, -283, 283, 283, 283, 283, 283, 283]
INFO:root:Episode 36 Counter({5: 13})
INFO:root:[-1148, -306, -306, -3549, -306, -306, -306, 306, 306, 306, 306, 306, 306]
INFO:root:Episode 37 Counter({5: 13})
INFO:root:[-1567, -284, -284, -1763, -284, -284, -284, 284, 284, 284, 284, 284, 284]
INFO:root:Episode 38 Counter({5: 13})
INFO:root:[-185, -292, -185, -185, -185, -185, -185, 185, 185, 185, 185, 185, 185]
INFO:root:Episode 39 Counter({5: 13})
INFO:root:[-294, -294, -294, -294, -294, -294, -294, 294, 294, 294, 294, 294, 294]
INFO:root:Episode 40 Counter({5: 13})
INFO:root:[-341, -341, -341, -341, -341, -341, -341, 341, 341, 341, 341, 341, 341]
INFO:root:Episode 41 Counter({5: 13})
INFO:root:[-1784, -305, -305, -305, -305, -305, -305, 305, 305, 305, 305, 305, 305]
INFO:root:Episode 42 Counter({5: 13})
INFO:root:[-284, -284, -284, -284, -284, -284, -284, 284, 284, 284, 284, 284, 284]
INFO:root:Episode 43 Counter({5: 13})
INFO:root:[-276, -2245, -276, -276, -276, -276, -276, 276, 276, 276, 276, 276, 276]
INFO:root:Episode 44 Counter({5: 13})
INFO:root:[-177, -333, -177, -177, -177, -177, -177, 177, 177, 177, 177, 177, 177]
INFO:root:Episode 45 Counter({5: 13})
INFO:root:[-303, -303, -303, -303, -303, -303, -303, 303, 303, 303, 303, 303, 303]
INFO:root:Episode 46 Counter({5: 13})
INFO:root:[-2249, -1367, -280, -280, -280, -280, -280, 280, 280, 280, 280, 280, 280]
INFO:root:Episode 47 Counter({3: 13})
INFO:root:[-8, -8, -8, -8, -8, -8, -8, 8, 8, 8, 8, 8, 8]
INFO:root:Episode 48 Counter({5: 13})
INFO:root:[-4214, -4214, -334, -334, -334, -334, -334, 334, 334, 334, 334, 334, 334]
INFO:root:Episode 49 Counter({5: 13})
INFO:root:[-1547, -264, -264, -264, -264, -264, -264, 264, 264, 264, 264, 264, 264]
INFO:root:Episode 50 Counter({5: 13})
INFO:root:[-234, -234, -234, -234, -234, -234, -234, 234, 234, 234, 234, 234, 234]
INFO:root:Episode 51 Counter({5: 13})
INFO:root:[-1589, -266, -257, -257, -257, -257, -257, 257, 257, 257, 257, 257, 257]
INFO:root:Episode 52 Counter({5: 13})
INFO:root:[-2794, -883, -335, -335, -335, -335, -335, 335, 335, 335, 335, 335, 335]
INFO:root:Episode 53 Counter({5: 13})
INFO:root:[-296, -1187, -296, -296, -296, -296, -296, 296, 296, 296, 296, 296, 296]
INFO:root:Episode 54 Counter({5: 13})
INFO:root:[-203, -203, -203, -203, -203, -203, -203, 203, 203, 203, 203, 203, 203]
INFO:root:Episode 55 Counter({5: 13})
INFO:root:[-3815, -327, -327, -327, -327, -327, -327, 327, 327, 327, 327, 327, 327]
INFO:root:Episode 56 Counter({5: 13})
INFO:root:[-273, -273, -273, -273, -273, -273, -273, 273, 273, 273, 273, 273, 273]
INFO:root:Episode 57 Counter({5: 13})
INFO:root:[-2122, -300, -300, -300, -300, -300, -300, 300, 300, 300, 300, 300, 300]
INFO:root:Episode 58 Counter({5: 13})
INFO:root:[-160, -160, -160, -160, -160, -160, -160, 160, 160, 160, 160, 160, 160]
INFO:root:Episode 59 Counter({5: 13})
INFO:root:[-1258, -220, -220, -220, -220, -220, -220, 220, 220, 220, 220, 220, 220]
INFO:root:Episode 60 Counter({5: 13})
INFO:root:[-344, -344, -344, -344, -344, -344, -344, 344, 344, 344, 344, 344, 344]
INFO:root:Episode 61 Counter({5: 13})
INFO:root:[-3817, -231, -231, -231, -231, -231, -231, 231, 231, 231, 231, 231, 231]
INFO:root:Episode 62 Counter({5: 13})
INFO:root:[-2567, -1783, -206, -206, -206, -206, -206, 206, 206, 206, 206, 206, 206]
INFO:root:Episode 63 Counter({5: 13})
INFO:root:[-173, -173, -173, -173, -173, -173, -173, 173, 173, 173, 173, 173, 173]
