INFO:root:Using good policy maddpg and adv policy maddpg
INFO:root:Starting iterations...
INFO:root:Episode 0 Counter({5: 13})
INFO:root:[-4612.253203614869, -4239.346802241329, -4930.572981607759, -5788.7093061480555, -2933.5652511969406, -5299.142920148875, -5611.35470685026, 458.0, 458.0, 458.0, 458.0, 458.0, 458.0]
INFO:root:Episode 1 Counter({5: 13})
INFO:root:[-3618.5501780676595, -3802.341793953086, -3907.042861069243, -3769.568608240975, -2185.112069395714, -4676.024285147902, -5070.272187667953, 450, 450, 450, 450, 450, 450]
INFO:root:Episode 2 Counter({5: 13})
INFO:root:[-4430.235396239695, -3588.5387734773417, -5394.043325733723, -5887.970185550178, -5128.907753645452, -6141.277106294664, -6209.872513300984, 490, 490, 490, 490, 490, 490]
INFO:root:Episode 3 Counter({5: 13})
INFO:root:[-3293.868744148871, -5076.851135247237, -4756.255563116966, -5121.886301606715, -1695.7171335289922, -6236.690995808871, -5543.560454716876, 479, 479, 479, 479, 479, 479]
INFO:root:Episode 4 Counter({5: 13})
INFO:root:[-2843.3794076409, -4117.98929836574, -4427.691127447214, -4811.682345108791, -2083.456543607581, -4277.011983628182, -4914.4470699082485, 220, 220, 220, 220, 220, 220]
INFO:root:Episode 5 Counter({5: 13})
INFO:root:[-3024.103442642167, -3446.8583322088125, -3023.5823477152317, -2388.8065841229213, -1605.9765845318873, -2651.30048447746, -3979.472094117654, 189, 189, 189, 189, 189, 189]
INFO:root:Episode 6 Counter({5: 13})
INFO:root:[-3450.443799597571, -1436.1998696973628, -4530.686381806326, -4438.238694672228, -2010.0445964697597, -4008.985374017086, -4923.893911858366, 452, 452, 452, 452, 452, 452]
INFO:root:Episode 7 Counter({5: 13})
INFO:root:[-3598.6711075569574, -3019.5628999650335, -5453.40337360772, -6044.731539897929, -2709.7529666165574, -4799.235461520278, -7146.558979451158, 484, 484, 484, 484, 484, 484]
INFO:root:Episode 8 Counter({5: 13})
INFO:root:[-3215.8398887209505, -3740.0471796196002, -3701.831074508657, -3438.5882006442926, -2319.805776183513, -4077.9801891938696, -4494.444952062357, 443, 443, 443, 443, 443, 443]
INFO:root:Episode 9 Counter({5: 13})
INFO:root:[-4560.708623188092, -3166.6402701290085, -5105.824536323147, -5753.906301763456, -2849.878126649787, -6055.42681527578, -7276.777181091144, 464, 464, 464, 464, 464, 464]
INFO:root:Episode 10 Counter({5: 13})
INFO:root:[-2194.918194136888, -2973.296095741982, -2143.8307998100236, -2800.5599646438786, -1464.9141443391247, -2451.517703030833, -3492.9141216279163, 200, 200, 200, 200, 200, 200]
INFO:root:Episode 11 Counter({5: 13})
INFO:root:[-2254.836824398621, -4134.36932995866, -3974.5249542405145, -3880.19381877785, -3264.0402142819758, -4659.181224901032, -4008.2820105166993, 445, 445, 445, 445, 445, 445]
INFO:root:Episode 12 Counter({5: 13})
INFO:root:[-2697.8091145388285, -4297.038946934654, -3803.618516850081, -4225.476670092559, -2960.177887425988, -3967.192101341643, -5252.004033652407, 456, 456, 456, 456, 456, 456]
INFO:root:Episode 13 Counter({5: 13})
INFO:root:[-2502.9762046125265, -5996.982545648138, -5064.943470992754, -4702.176171549571, -5086.142508090729, -5017.2679650105165, -5312.129633752075, 490, -4796, 490, 490, 490, 490]
INFO:root:Episode 14 Counter({5: 13})
INFO:root:[-2994.6434432413644, -4549.827491510071, -3770.8446586333835, -3335.6558893045158, -2743.4551492277324, -3610.444970637896, -4233.003621820218, 440, 440, 440, 440, 440, 440]
INFO:root:Episode 15 Counter({5: 13})
INFO:root:[-3433.3042820595683, -5124.542514519138, -4961.873852315729, -4710.717224024339, -2683.9156351289985, -5084.844792991778, -6317.275594922307, 473, 473, 473, 473, 473, 473]
INFO:root:Episode 16 Counter({5: 13})
INFO:root:[-3406.054491827484, -5435.637559508546, -5096.3553041046425, -6336.730205497116, -4865.254102677257, -5484.556686751823, -5759.926064762747, 238, 227, 238, 238, 238, 238]
INFO:root:Episode 17 Counter({5: 13})
INFO:root:[-5459.322964359806, -5601.023640913102, -5315.380067286546, -5547.459896203645, -4375.235507298305, -5315.281751326703, -7382.491393249348, 476, 476, 476, 476, 476, 476]
INFO:root:Episode 18 Counter({5: 13})
INFO:root:[-3316.3135925565457, -4299.346371164249, -4127.105682669174, -4229.250679621016, -3551.2165477788362, -4937.196180994035, -4304.1586628835175, 210, 210, 210, 210, 210, 210]
INFO:root:Episode 19 Counter({5: 13})
INFO:root:[-2754.4835497045974, -4622.670537693605, -3670.546846937977, -2941.6597362465277, -1865.6176560905044, -4466.340286270291, -5139.33018534393, 205, 205, 205, 205, 205, 205]
INFO:root:Episode 20 Counter({5: 13})
INFO:root:[-2797.7557956879414, -3704.3658306214215, -3473.2427628646064, -3355.891023390311, -2552.3501104308943, -3494.6801390252012, -3656.9677078320383, 435, 435, 435, 435, 435, 435]
INFO:root:Episode 21 Counter({5: 13})
INFO:root:[-3243.484278377835, -2584.349922838041, -4036.7742964062313, -4678.396961234044, -2097.133001526772, -4103.92390197474, -5740.186808555097, 475, 475, 475, 475, 475, 475]
INFO:root:Episode 22 Counter({5: 13})
INFO:root:[-4424.352281216128, -3475.7052793636826, -5328.357867617947, -6920.75371553132, -2787.137207907497, -4456.207996986625, -6223.451377066769, 483, 483, 483, 483, 483, 483]
INFO:root:Episode 23 Counter({5: 13})
INFO:root:[-2450.2982856352182, -4671.21552718582, -3674.0575038945894, -3703.009652200987, -3726.769516317539, -3409.105561319737, -4364.38852163516, 468, 468, 468, 468, 468, 468]
INFO:root:Episode 24 Counter({5: 13})
INFO:root:[-1681.9855386588938, -3477.0097554233103, -2983.502811547627, -2964.2615673561436, -3400.043772847122, -2644.064431104308, -3527.306429080406, 450, 450, 450, 450, 450, 450]
INFO:root:Episode 25 Counter({5: 13})
INFO:root:[-3043.5036019283493, -4584.903907870871, -4222.0214405021425, -4117.121350536885, -1953.0685602394237, -4318.04598429793, -4902.700227949535, 467, 467, 467, 467, 467, 467]
INFO:root:Episode 26 Counter({5: 13})
INFO:root:[-3968.0573162478854, -4234.505243251045, -3316.8027848454676, -4111.768404901457, -1863.180726249238, -4139.9520092277735, -4230.0549111958735, 435, 435, 435, 435, 435, 435]
INFO:root:Episode 27 Counter({5: 13})
INFO:root:[-3411.150809660257, -5920.044940038713, -4895.7173099526535, -4129.414977186081, -2806.3179661209133, -4492.655483005232, -5686.978753014272, 226, 226, 226, 226, 226, 226]
INFO:root:Episode 28 Counter({5: 13})
INFO:root:[-3252.7776495970534, -5738.681692540309, -5091.98449957977, -5589.4230823831485, -5519.807223660135, -5557.870621854865, -7138.433483333096, 469, 36, 469, 469, 469, 469]
INFO:root:Episode 29 Counter({5: 13})
INFO:root:[-2267.657632611289, -3272.7735145153383, -3339.296620002789, -3688.5178179535787, -2698.279197171942, -3446.263087561138, -4797.6537157542625, 444, 444, 444, 444, 444, 444]
INFO:root:Episode 30 Counter({5: 13})
INFO:root:[-3275.65267481372, -4735.459510558553, -3839.514001783677, -4042.390035275453, -3190.395441358829, -3744.1351197748386, -4427.697194953296, 441, 441, 441, 441, 441, 441]
INFO:root:Episode 31 Counter({5: 13})
INFO:root:[-4447.009846692825, -5256.265171219507, -4710.20205321847, -3492.27017912917, -2408.44990543983, -4985.236171256189, -5714.705812768762, 468, 468, 468, 468, 468, 468]
INFO:root:Episode 32 Counter({5: 13})
INFO:root:[-2986.034291169264, -5249.531152350428, -5141.958238997254, -4640.603851165859, -2544.890480150397, -4878.430818662706, -5177.86483344197, 468, 468, 468, 468, 468, 468]
INFO:root:Episode 33 Counter({5: 13})
INFO:root:[-3741.396741894579, -2201.4876756408953, -5091.327076907765, -5882.480511596056, -2006.6512976735762, -5958.654565032013, -5535.416365793117, 210, 210, 210, 210, 210, 210]
INFO:root:Episode 34 Counter({5: 13})
INFO:root:[-3860.459308675222, -4370.20371049402, -4424.167227255246, -4985.783963759793, -3869.2983202195464, -4142.3742496157, -5605.948624875973, 452, 452, 452, 452, 452, 452]
INFO:root:Episode 35 Counter({5: 13})
INFO:root:[-3748.130997962924, -2683.021838796467, -4860.404765704765, -5183.944104018443, -3537.793256239939, -5851.44113060134, -6046.357895846894, 467, 467, 467, 467, 467, 467]
INFO:root:Episode 36 Counter({5: 13})
INFO:root:[-2852.950150494898, -1573.6414018195776, -4008.6079430863983, -5306.669860304202, -1634.609927875134, -3309.2874834994855, -5757.044096817064, 473, 473, 473, 473, 473, 473]
INFO:root:Episode 37 Counter({5: 13})
INFO:root:[-3396.9773392560805, -4377.081773128458, -3835.8838775628697, -4485.380308115347, -2808.550084069401, -3906.2310003573084, -4224.888351055152, 437, 437, 437, 437, 437, 437]
INFO:root:Episode 38 Counter({5: 13})
INFO:root:[-3131.7429602274615, -2091.0008008191744, -3844.2677947367556, -4906.92603724305, -1995.2071686871138, -4222.240898269051, -4749.213570485192, 447, 447, 447, 447, 447, 447]
INFO:root:Episode 39 Counter({5: 13})
INFO:root:[-4487.480762132999, -3867.539308910189, -4234.972825321194, -3250.751729401072, -2836.089262383836, -4113.057580793067, -3652.0685083175995, 454, 454, 454, 454, 454, 454]
INFO:root:Episode 40 Counter({5: 13})
INFO:root:[-4181.421435775288, -2696.9261981480718, -3743.3893913334346, -4003.7189539247292, -2012.2710399889704, -4548.0105021185045, -4603.746438137389, 432, 432, 432, 432, 432, 432]
INFO:root:Episode 41 Counter({5: 13})
INFO:root:[-2982.796826739985, -4767.941368883362, -3700.7662716278273, -3937.3431208707225, -2050.691868864722, -4719.1836139518755, -5097.718024151929, 197, 197, 197, 197, 197, 197]
INFO:root:Episode 42 Counter({5: 13})
INFO:root:[-2931.21609073559, -4309.987777591173, -3852.8035477307544, -4204.65618588031, -2044.540869147723, -4565.637044502431, -4150.841456497018, 447, 447, 447, 447, 447, 447]
INFO:root:Episode 43 Counter({5: 13})
INFO:root:[-2586.900633251566, -4246.333413548349, -3671.7098904557074, -3522.761988478054, -1635.6228158943502, -3906.9295471646683, -3938.238486136402, 200, 200, 200, 200, 200, 200]
INFO:root:Episode 44 Counter({5: 13})
INFO:root:[-4229.959160803906, -2737.4216007242558, -4664.814291663593, -5469.003687810748, -2044.4032047509452, -5367.207930981838, -5107.983008449778, 467, 467, 467, 467, 467, 467]
INFO:root:Episode 45 Counter({5: 13})
INFO:root:[-2887.8753431489927, -3127.550413652829, -4122.464556831964, -4182.865330893956, -2061.403190113393, -4032.521768360069, -3660.5890867560793, 182, 182, 182, 182, 182, 182]
INFO:root:Episode 46 Counter({5: 13})
INFO:root:[-2750.9347233363446, -2848.8229779024978, -3099.6570631264754, -2617.487537254244, -1802.0578250489696, -3498.238295492997, -3462.368535545726, 188, 188, 188, 188, 188, 188]
INFO:root:Episode 47 Counter({5: 13})
INFO:root:[-2548.0318091152494, -3528.5571386013075, -3736.4773322683377, -3713.8706810140675, -3994.8392070831437, -3811.5937145486187, -4579.670917615455, 433, 433, 433, 433, 433, 433]
INFO:root:Episode 48 Counter({5: 13})
INFO:root:[-3900.808957930818, -2063.7942346766226, -3754.297556305172, -4265.183137938889, -3628.6928374186164, -4274.865290194234, -4070.8689912867735, 455, 455, 455, 455, 455, 455]
INFO:root:Episode 49 Counter({5: 13})
INFO:root:[-4649.096792701637, -3224.761381065611, -5126.649554952466, -4658.0728793368335, -3602.4251283986227, -5697.855950383546, -6415.453513597386, 471, 471, 471, 471, 471, 471]
INFO:root:Episode 50 Counter({5: 13})
INFO:root:[-2816.397377404427, -3017.07882989177, -2945.411980045458, -3401.009756434016, -2487.213602138099, -2314.996493330273, -4269.412520362654, 203, 203, 203, 203, 203, 203]
INFO:root:Episode 51 Counter({5: 13})
INFO:root:[-3787.386180323625, -2187.160778204056, -4117.953109531565, -4493.7712375075125, -2378.550428959532, -3742.617763473475, -4509.374509745209, 196, 196, 196, 196, 196, 196]
INFO:root:Episode 52 Counter({5: 13})
INFO:root:[-2627.4674656700963, -3214.9444610050027, -3339.6262426598205, -3046.284476950304, -1895.110325918288, -3517.496255074138, -3377.268804697409, 431, 431, 431, 431, 431, 431]
INFO:root:Episode 53 Counter({5: 13})
INFO:root:[-2778.270617828225, -3806.584850235561, -3332.374673859685, -4237.587449949637, -1428.9587705419156, -3382.580107028476, -4163.582280821725, 449, 449, 449, 449, 449, 449]
INFO:root:Episode 54 Counter({5: 13})
INFO:root:[-4239.108793112456, -2958.5784011977, -4599.671109999056, -3991.176123460901, -2717.4414385434825, -4785.169451796003, -4549.632660716006, 451, 451, 451, 451, 451, 451]
INFO:root:Episode 55 Counter({5: 13})
INFO:root:[-4226.8471189793, -5389.945332416574, -4623.457613601404, -7042.853239559066, -3989.130401246734, -4249.702964450681, -6683.879419458706, 470, 470, 470, 470, 470, 470]
INFO:root:Episode 56 Counter({5: 13})
INFO:root:[-3237.6293617766373, -3736.1329309104476, -5029.737815649934, -6009.90707360501, -2340.419872299854, -4957.181643725384, -5990.355516114572, 481, -2273, 481, 481, 481, 481]
INFO:root:Episode 57 Counter({5: 13})
INFO:root:[-2554.6216988308906, -3442.0843626386095, -2664.873139713971, -3344.5476141452573, -1177.6166588226856, -3166.5370629331496, -3778.286384848438, 188, 188, 188, 188, 188, 188]
INFO:root:Episode 58 Counter({5: 13})
INFO:root:[-2084.16158888201, -4848.929611114748, -3376.1156619387452, -3859.5904731673822, -4098.382078132945, -3438.6660724433864, -4416.755955997784, 204, 204, 204, 204, 204, 204]
INFO:root:Episode 59 Counter({5: 13})
INFO:root:[-5098.959845118912, -5621.190555068097, -5586.253725043997, -5593.617692220765, -4173.560036432441, -4610.189882069033, -5600.550193451172, 488, 488, 488, 488, 488, 488]
INFO:root:Episode 60 Counter({5: 13})
INFO:root:[-3978.3503135420456, -4312.717369129291, -4434.084642130183, -3751.8851716767076, -3196.9054347151846, -5052.974976932522, -6812.622415852319, 474, 474, 474, 474, 474, 474]
INFO:root:Episode 61 Counter({5: 13})
INFO:root:[-3420.994177725172, -4114.3597530697825, -3865.878925423334, -3537.342120306126, -2552.2761812893073, -3485.49462104874, -4542.2117212107705, 181, 181, 181, 181, 181, 181]
INFO:root:Episode 62 Counter({5: 13})
INFO:root:[-4547.578526296743, -2935.493533969988, -5317.315666468759, -5951.038464166788, -4462.808695152073, -4506.6935849983165, -6383.261136527339, 473, 473, 473, 473, 473, 473]
INFO:root:Episode 63 Counter({5: 13})
INFO:root:[-2557.3226304342566, -1580.1627021593742, -3536.271026459821, -4630.935015102011, -1243.4162893983864, -4235.232420999732, -5090.814067541325, 215, 215, 215, 215, 215, 215]
INFO:root:Episode 64 Counter({5: 13})
INFO:root:[-3930.378594563061, -4990.551370862579, -4311.613097600046, -3997.099979115215, -2063.8733786071302, -4777.5261011188195, -5048.77389303315, 207, 207, 207, 207, 207, 207]
INFO:root:Episode 65 Counter({5: 13})
INFO:root:[-3457.1594823259175, -2304.542689655936, -4105.05455925424, -4971.614043928725, -2606.936759416061, -4190.0624406090465, -5133.630252204009, 438, 438, 438, 438, 438, 438]
INFO:root:Episode 66 Counter({5: 13})
INFO:root:[-3705.4724618511696, -5373.3454216330465, -4573.055421402979, -4357.383321192023, -3066.58268505446, -4174.467142072333, -5159.215118461372, 216, 216, 216, 216, 216, 216]
INFO:root:Episode 67 Counter({5: 13})
INFO:root:[-3803.2276570134436, -2454.8232051231444, -4107.776486569653, -3441.8194279418344, -2706.4449930792803, -3573.4787391058285, -3872.771148983552, 439, 439, 439, 439, 439, 439]
INFO:root:Episode 68 Counter({5: 13})
INFO:root:[-3120.936485930171, -4977.099559277954, -4263.203096390901, -4286.279031086763, -2399.7296699159006, -4530.9301370335415, -5631.323609047667, 451, 451, 451, 451, 451, 451]
INFO:root:Episode 69 Counter({5: 13})
INFO:root:[-3889.253275140892, -3129.1479510496138, -3304.198835387552, -3148.4932599562176, -2569.833027356245, -4448.541608222689, -4295.22932163846, 431, 431, 431, 431, 431, 431]
INFO:root:Episode 70 Counter({5: 13})
INFO:root:[-3503.155101960268, -1988.011329384345, -5072.331022813977, -4977.902951248084, -2565.636093374836, -4511.704233903985, -4914.3925898355665, 215, 215, 215, 215, 215, 215]
INFO:root:Episode 71 Counter({5: 13})
INFO:root:[-3526.4675045112826, -5936.406007696655, -5411.3226835508185, -5545.067641239689, -2173.784515217046, -7295.084485179922, -5371.869483644199, 479, 479, 479, 479, 479, 479]
INFO:root:Episode 72 Counter({5: 13})
INFO:root:[-3451.4671988584582, -2446.3251763433395, -3087.154176528098, -2943.986289718817, -2001.712213507644, -1991.057975718099, -4519.708999605847, 202, 202, 202, 202, 202, 202]
INFO:root:Episode 73 Counter({5: 13})
INFO:root:[-4823.3078354397985, -4618.463017147927, -4014.3417892994553, -3835.4672074943637, -3088.5092736912234, -3790.5473957621753, -5505.170887269112, 451, 451, 451, 451, 451, 451]
INFO:root:Episode 74 Counter({5: 13})
INFO:root:[-4342.344078505148, -6427.382751647566, -5286.271967219335, -5819.618952970331, -2907.1586548149908, -5829.3529052213125, -6306.609003416336, 490, 490, 490, 490, 490, 490]
INFO:root:Episode 75 Counter({5: 13})
INFO:root:[-3400.29196496993, -2172.6994904857047, -3734.679338880479, -3772.0372101424537, -2201.1840965123, -4439.128143065915, -4794.729657432188, 437, 437, 437, 437, 437, 437]
INFO:root:Episode 76 Counter({5: 13})
INFO:root:[-3667.0039937151814, -3524.9508363301347, -5536.0325855263745, -4843.688792837757, -3434.5931696963858, -6850.221087444379, -5522.385325632538, 482, 482, 482, 482, 482, 482]
INFO:root:Episode 77 Counter({5: 13})
INFO:root:[-3835.754015234863, -6191.564866182464, -4350.1052914867505, -5169.143646382647, -2349.300969797196, -5799.381654712278, -5816.009561390349, 470, 470, 470, 470, 470, 470]
INFO:root:Episode 78 Counter({5: 13})
INFO:root:[-2873.3113763687866, -5250.82897452666, -4653.1156550004625, -4397.313457577718, -3603.0296721261534, -4241.1492433191925, -5015.507724550711, 470, 470, 470, 470, 470, 470]
INFO:root:Episode 79 Counter({5: 13})
INFO:root:[-5663.099308464791, -3591.5673772717637, -5336.876703603463, -4968.181627682587, -3437.153517788763, -5559.652771031699, -7297.304552404115, 471, 471, 471, 471, 471, 471]
INFO:root:Episode 80 Counter({5: 13})
INFO:root:[-3559.1707732479113, -4983.900953321346, -4641.61568965473, -4278.20808403615, -3004.258427590133, -4481.926618977912, -4902.202106388875, 471, 471, 471, 471, 471, 471]
INFO:root:Episode 81 Counter({5: 13})
INFO:root:[-2537.201870840233, -5674.993457332053, -4250.950325421469, -4527.38434508371, -5567.238479628692, -4670.764068372662, -5481.045407279455, 212, -10, 212, 212, 212, 212]
INFO:root:Episode 82 Counter({5: 13})
INFO:root:[-3052.850686267293, -3079.384143627628, -3770.4601265155975, -4427.356250369245, -3282.042896864492, -3864.1028007363325, -4506.48800040459, 447, 447, 447, 447, 447, 447]
INFO:root:Episode 83 Counter({5: 13})
INFO:root:[-1626.4278954120127, -1486.9095301520683, -2360.11855000893, -3922.656901300931, -1310.1788458090928, -3375.5802977924122, -3329.9750618115204, 480, 480, 480, 480, 480, 480]
INFO:root:Episode 84 Counter({5: 13})
INFO:root:[-2821.210860376864, -1779.6933072411125, -2837.563912292315, -4359.128091466229, -1288.7522913821736, -2550.795550811751, -3613.025746374131, 455, 455, 455, 455, 455, 455]
INFO:root:Episode 85 Counter({5: 13})
INFO:root:[-4431.908089499859, -6699.059912859602, -6387.457573053671, -6046.499029448599, -3161.195478431522, -6643.6133504734935, -6418.260208322125, 485, 485, 485, 485, 485, 485]
INFO:root:Episode 86 Counter({5: 13})
INFO:root:[-2453.1762735867137, -4924.757348905952, -4014.3805532660595, -3842.62870738386, -4058.1110175436443, -3516.678358451902, -5119.000582540851, 463, 463, 463, 463, 463, 463]
INFO:root:Episode 87 Counter({5: 13})
INFO:root:[-4848.35977626723, -2401.025213188167, -3816.876899348368, -4692.0244581140005, -1973.2123923116735, -2220.193570904755, -6086.910003943052, 238, 238, 238, 238, 238, 238]
INFO:root:Episode 88 Counter({5: 13})
INFO:root:[-2479.1845016881657, -3804.757803130128, -3201.617085579945, -2841.482889478558, -1670.4619277791373, -3133.5397426594823, -3643.2133564439705, 435, 435, 435, 435, 435, 435]
INFO:root:Episode 89 Counter({5: 13})
INFO:root:[-3069.7964913336054, -5672.814514649461, -5345.545769791287, -4800.178560014737, -5982.989576759449, -5203.120320640763, -5679.225403185988, 483, 483, 483, 483, 483, 483]
INFO:root:Episode 90 Counter({5: 13})
INFO:root:[-2796.195857723815, -4252.375671541378, -3104.6941107252833, -3065.861558447994, -1883.5107442330175, -4106.6787759027275, -4610.454121899552, 205, 205, 205, 205, 205, 205]
INFO:root:Episode 91 Counter({5: 13})
INFO:root:[-2521.994362259993, -2232.5272972489333, -2703.972853411008, -2070.7094193668663, -2236.6934400997056, -2517.483056606113, -4166.433233284451, 203, 203, 203, 203, 203, 203]
INFO:root:Episode 92 Counter({5: 13})
INFO:root:[-3367.6439007666963, -2769.8216599372336, -3867.085150686011, -4640.410827827423, -2125.9276078848666, -4386.372137573535, -4520.753955756532, 432, 432, 432, 432, 432, 432]
INFO:root:Episode 93 Counter({5: 13})
INFO:root:[-4514.562137519654, -3592.1279503446735, -5157.607628124002, -4382.97679370569, -3741.8084879820494, -4567.892283488858, -5543.167832558815, 463, 463, 463, 463, 463, 463]
INFO:root:Episode 94 Counter({5: 13})
INFO:root:[-4826.438408387238, -2042.6863740553495, -4660.578380635184, -5106.020297854248, -2607.134156207829, -5952.475186468436, -4875.601574010958, 477, 477, 477, 477, 477, 477]
INFO:root:Episode 95 Counter({5: 13})
INFO:root:[-5041.301247185699, -3462.331258544018, -6051.202944147752, -8018.682979336036, -2680.729238481382, -7734.435138255726, -6016.4160110112225, 478, 478, 478, 478, 478, 478]
INFO:root:Episode 96 Counter({5: 13})
INFO:root:[-4990.883031755875, -1814.1063655099479, -4291.372519839977, -6413.456555829385, -2431.8363351022917, -4295.736801313411, -5523.030978342619, 485, -1214, 485, 485, 485, 485]
INFO:root:Episode 97 Counter({5: 13})
INFO:root:[-4354.381490092871, -2538.878029509267, -4178.303509880874, -4065.1602215026714, -2800.90504738044, -3710.15318843091, -5992.653687605308, 470, 470, 470, 470, 470, 470]
INFO:root:Episode 98 Counter({5: 13})
INFO:root:[-2720.942392905468, -5071.221739987778, -4167.767235161024, -3866.5130713898798, -1773.1478601681313, -4069.2100282454553, -5550.069723920877, 211, 211, 211, 211, 211, 211]
INFO:root:Episode 99 Counter({5: 13})
INFO:root:[-3075.7091736638126, -5458.180701736209, -4607.045308494595, -4328.742739654824, -3694.000680233806, -5286.526001912426, -6460.3102702802225, 484, 473, 484, 484, 484, 484]
INFO:root:Episode 100 Counter({5: 13})
INFO:root:[-3417.821205870138, -5534.221414467915, -4190.011832215119, -4278.665211461899, -3215.402166334343, -3628.2971241664936, -4894.893912130425, 465, 465, 465, 465, 465, 465]
INFO:root:Episode 101 Counter({5: 13})
INFO:root:[-3843.0896388300703, -3779.5689370284763, -4386.416461280882, -4932.483468758352, -4275.311723939124, -4738.840062937314, -5249.753741391957, 204, 204, 204, 204, 204, 204]
INFO:root:Episode 102 Counter({5: 13})
INFO:root:[-3942.126902081349, -2519.565191200521, -5327.569849402155, -5883.669932537057, -2645.3814110085013, -6115.778854790165, -6392.986126092093, 476, 476, 476, 476, 476, 476]
INFO:root:Episode 103 Counter({5: 13})
INFO:root:[-2892.35223252851, -2323.481463144572, -4128.005529270938, -3252.233875508658, -2536.986207555177, -4745.452859313007, -4461.964107893862, 221, 221, 221, 221, 221, 221]
INFO:root:Episode 104 Counter({5: 13})
INFO:root:[-3966.9446597203587, -5816.674016498988, -4717.434038820214, -4852.8329827011485, -2709.5607650601137, -5574.629002786084, -5874.3083655713035, 476, 476, 476, 476, 476, 476]
INFO:root:Episode 105 Counter({5: 13})
INFO:root:[-5414.872826736142, -8704.363254010814, -5911.998153913336, -5363.259589468901, -3594.9897584771097, -4830.954596954442, -10570.980047281508, 486, 486, 486, 486, 486, 486]
INFO:root:Episode 106 Counter({5: 13})
INFO:root:[-2282.819738432933, -3775.192725452537, -3439.497110713036, -2838.5372460078265, -1684.8930962653938, -3303.0153295656173, -3586.1000363782755, 198, 198, 198, 198, 198, 198]
INFO:root:Episode 107 Counter({5: 13})
INFO:root:[-2317.9599124051147, -4079.6055386565818, -3540.546293603916, -3535.369925546252, -2484.9859165858747, -4152.645916057936, -4560.928044190561, 199, 199, 199, 199, 199, 199]
INFO:root:Episode 108 Counter({5: 13})
INFO:root:[-3417.3389570569134, -5156.495443068284, -4575.118381142871, -4177.301850107462, -2043.345381994816, -6004.6588767857975, -5630.913144824568, 221, 221, 221, 221, 221, 221]
INFO:root:Episode 109 Counter({5: 13})
INFO:root:[-2532.974252744363, -4911.524767377283, -3541.456375253117, -3637.5557642995086, -4723.289057229269, -3426.654573797553, -4437.430173121894, 452, 452, 452, 452, 452, 452]
INFO:root:Episode 110 Counter({5: 13})
INFO:root:[-3259.976879016651, -2774.293514379135, -4909.321515924816, -5536.474196379788, -2574.211635486876, -5573.114365948444, -6417.942675136148, 485, 485, 485, 485, 485, 485]
INFO:root:Episode 111 Counter({5: 13})
INFO:root:[-3132.296017145291, -2007.4224649067796, -4801.467049382175, -4967.382582913432, -1550.4174973944284, -5895.036608351323, -5429.531937554421, 226, 226, 226, 226, 226, 226]
INFO:root:Episode 112 Counter({5: 13})
INFO:root:[-5889.353890909507, -5499.161931592462, -6227.496328647592, -4670.442756122096, -4205.12960371943, -7244.770964358974, -7023.209317646326, 486, 486, 486, 486, 486, 486]
INFO:root:Episode 113 Counter({5: 13})
INFO:root:[-2020.8617715338708, -3766.137018233592, -3106.682968975363, -3815.1000984093534, -1403.3564022400467, -2864.8259888419675, -4040.005336475401, 197, 197, 197, 197, 197, 197]
INFO:root:Episode 114 Counter({5: 13})
INFO:root:[-6848.8978918178755, -5872.240621316029, -5718.832233840756, -6146.657207584238, -3555.766188227065, -4692.25426701746, -6256.972315529982, 235, -1042, 235, 235, 235, 235]
INFO:root:Episode 115 Counter({5: 13})
INFO:root:[-2881.3795732184503, -1918.4702118096038, -4029.2617679055647, -5191.092650211256, -1788.7366499851191, -4215.480059783202, -5791.169053998074, 461, 461, 461, 461, 461, 461]
INFO:root:Episode 116 Counter({5: 13})
INFO:root:[-4695.789454524777, -5366.6915792361015, -5289.434962737417, -8822.240562302028, -4932.484572040415, -5395.7936535005265, -5743.363214461214, 486, 486, 486, 486, 486, 486]
INFO:root:Episode 117 Counter({5: 13})
INFO:root:[-1727.3329275945841, -1787.8228794142067, -2863.259072977432, -2618.3402906202646, -1786.2936997323786, -3045.903807318951, -2496.3425403699202, 191, 191, 191, 191, 191, 191]
INFO:root:Episode 118 Counter({5: 13})
INFO:root:[-3542.890574690856, -5003.381209591952, -3908.2056921257927, -3826.7265708356076, -1930.5650557030185, -4819.431289554074, -4658.445033380531, 217, 217, 217, 217, 217, 217]
INFO:root:Episode 119 Counter({5: 13})
INFO:root:[-3504.094527325256, -3206.583666982406, -3377.8286255217213, -3371.679974246123, -2695.1396777077107, -3348.4357092236, -4849.16355270817, 439, 439, 439, 439, 439, 439]
INFO:root:Episode 120 Counter({5: 13})
INFO:root:[-2321.019644087743, -1395.8446740837608, -3495.6755158970327, -4887.145406383284, -1504.9771430428898, -3101.8228322500017, -4255.969370334413, 471, 471, 471, 471, 471, 471]
INFO:root:Episode 121 Counter({5: 13})
INFO:root:[-3960.9173363322407, -5252.563138018046, -4456.270225014618, -3945.8258548022986, -2878.691113471182, -4515.848112667911, -5283.353135988594, 449, 449, 449, 449, 449, 449]
INFO:root:Episode 122 Counter({5: 13})
INFO:root:[-2612.2275677375756, -2292.485258409846, -4593.836471325141, -4404.587713511723, -2836.191310403424, -4448.42442928747, -5219.882815795745, 478, 478, 478, 478, 478, 478]
INFO:root:Episode 123 Counter({5: 13})
INFO:root:[-4227.579705368658, -5525.577183382784, -5507.701591668494, -4391.946153428874, -2393.6596441108145, -4722.719089929424, -5450.4498648576055, 477, 477, 477, 477, 477, 477]
INFO:root:Episode 124 Counter({5: 13})
INFO:root:[-4977.126285019082, -6621.554855145979, -6234.921308681591, -4728.1018484904835, -3596.7297259614093, -6327.357053204548, -7190.555800590279, 487, 487, 487, 487, 487, 487]
INFO:root:Episode 125 Counter({5: 13})
INFO:root:[-2864.779041962595, -3904.328554699636, -3487.093638514728, -3830.105406970999, -2585.5364132050217, -3392.653704395665, -4718.9059078655, 434, 434, 434, 434, 434, 434]
INFO:root:Episode 126 Counter({5: 13})
INFO:root:[-2982.128971851038, -5893.402594474177, -4691.875818933265, -3538.863754262968, -1927.1242177440467, -5983.639167692149, -5883.382635598635, 237, 237, 237, 237, 237, 237]
INFO:root:Episode 127 Counter({5: 13})
INFO:root:[-3403.0321190153445, -1797.6806365767432, -3246.651893974118, -3165.7300523649933, -2452.1379795213384, -3735.971394731753, -3746.6697324846355, 444, 444, 444, 444, 444, 444]
INFO:root:Episode 128 Counter({5: 13})
INFO:root:[-4199.608537054438, -5261.645596812755, -4163.457328871553, -6018.347631934886, -2148.3728405035836, -5397.0389546178985, -5976.6305816331005, 482, 482, 482, 482, 482, 482]
INFO:root:Episode 129 Counter({5: 13})
INFO:root:[-3362.1145822084204, -4285.405869363582, -4397.507462761669, -4216.7246740816245, -3322.634157590699, -4429.794807496518, -5153.999307850432, 478, 478, 478, 478, 478, 478]
INFO:root:Episode 130 Counter({5: 13})
INFO:root:[-3555.7649885012866, -4507.48673943182, -4315.134866455475, -3791.2765598743113, -2753.0757083445833, -3463.7081940264716, -4545.468390885703, 448, 448, 448, 448, 448, 448]
INFO:root:Episode 131 Counter({5: 13})
INFO:root:[-2794.8642248784768, -1750.2026883608535, -4147.370206689342, -4620.269583685194, -1638.5657282649847, -4950.3518591584525, -4574.897411329533, 457, 457, 457, 457, 457, 457]
INFO:root:Episode 132 Counter({5: 13})
INFO:root:[-3545.4759226980777, -2444.837666232099, -5268.302749823341, -6139.335013610427, -2666.0804038513634, -5426.039975913608, -7220.083396681408, 238, 238, 238, 238, 238, 238]
INFO:root:Episode 133 Counter({5: 13})
INFO:root:[-3421.6929050192402, -5310.039958376628, -4904.2015447365575, -5367.184816476198, -2385.9678201562574, -4390.233237852708, -6113.052949012904, 239, -1460, 239, 239, 239, 239]
INFO:root:Episode 134 Counter({5: 13})
INFO:root:[-3404.1871906596257, -3822.3184912793554, -4657.677947304854, -4394.54035497825, -2753.6542331947585, -5027.176906891027, -5506.366157241104, 449, 449, 449, 449, 449, 449]
INFO:root:Episode 135 Counter({5: 13})
INFO:root:[-3814.952082251171, -5571.468758699735, -5019.537478903098, -5297.297000881085, -4967.1016050900425, -5748.482570008418, -7420.552264346841, 489, 489, 489, 489, 489, 489]
INFO:root:Episode 136 Counter({5: 13})
INFO:root:[-3457.085879574768, -2049.3715010614674, -4434.635890622715, -5218.897344948825, -2575.2556890829064, -5332.093566624394, -5489.7467155327395, 474, 474, 474, 474, 474, 474]
INFO:root:Episode 137 Counter({5: 13})
INFO:root:[-2261.8293359478694, -3830.029639377819, -3366.595715582822, -3112.449568808109, -1945.0039373031682, -4744.483868250037, -5028.999120640128, 467, 467, 467, 467, 467, 467]
INFO:root:Episode 138 Counter({5: 13})
INFO:root:[-2597.4962031159025, -5459.984274193463, -4302.891166353723, -4453.888389938114, -4240.121498202134, -5355.855572872907, -5248.199370372389, 232, 232, 232, 232, 232, 232]
INFO:root:Episode 139 Counter({5: 13})
INFO:root:[-3965.681171574291, -4756.8670326783085, -4827.502169859685, -5827.723779389228, -2347.878901698895, -5718.90585802563, -6016.613243038294, 465, 465, 465, 465, 465, 465]
INFO:root:Episode 140 Counter({5: 13})
INFO:root:[-4234.366632935414, -3376.9082171226846, -5208.967052231061, -5711.059586412685, -2702.782136896386, -5555.390332664308, -6562.993764137503, 480, 480, 480, 480, 480, 480]
INFO:root:Episode 141 Counter({5: 13})
INFO:root:[-3717.322509016671, -5780.369288284435, -5338.084000216716, -5404.584420373692, -2659.579600174419, -6536.376022164133, -6724.310792919098, 488, -6275, 488, 488, 488, 488]
INFO:root:Episode 142 Counter({5: 13})
INFO:root:[-3917.748784633961, -3454.298549132309, -5835.42033312914, -6204.867873134184, -2768.6284965786876, -5450.303056228056, -6402.026340144039, 488, 488, 488, 488, 488, 488]
INFO:root:Episode 143 Counter({5: 13})
INFO:root:[-5018.58364344578, -3202.6220721175337, -4618.433682693344, -4609.817525777612, -3275.350260039171, -3670.0799359203143, -4774.353877261615, 444, 444, 444, 444, 444, 444]
INFO:root:Episode 144 Counter({5: 13})
INFO:root:[-3737.4852973842458, -1503.9371254287641, -3587.380210681598, -4212.726294360222, -1737.777439141382, -4424.106593734009, -5616.866553364748, 462, 462, 462, 462, 462, 462]
INFO:root:Episode 145 Counter({5: 13})
INFO:root:[-2823.609863504804, -4413.775124527731, -3737.014066242038, -3248.4697940445158, -2701.8575070310712, -3480.4676634998077, -4108.650552875305, 431, 431, 431, 431, 431, 431]
INFO:root:Episode 146 Counter({5: 13})
INFO:root:[-5606.306472725515, -3081.762682692648, -4448.479842080545, -3937.2888497526665, -2489.7289136395543, -3594.525174368479, -5064.130733698956, 473, 473, 473, 473, 473, 473]
INFO:root:Episode 147 Counter({5: 13})
INFO:root:[-2979.188410050406, -3628.094497280645, -3532.51930795807, -3382.6663820145886, -2882.78015019449, -3662.0875519252786, -3803.5261879357918, 438, 438, 438, 438, 438, 438]
INFO:root:Episode 148 Counter({5: 13})
INFO:root:[-3818.6914196278276, -4758.530176815766, -4433.990224148903, -5095.037106294896, -3694.8894840380544, -4605.031807381596, -4111.361217885981, 446, 446, 446, 446, 446, 446]
INFO:root:Episode 149 Counter({5: 13})
INFO:root:[-3785.334702790922, -2852.6881644099485, -5172.173253361456, -5949.087524437059, -2779.0773009419145, -4505.494625178829, -6421.767315703836, 472, 472, 472, 472, 472, 472]
INFO:root:Episode 150 Counter({5: 13})
INFO:root:[-4210.944992963994, -6241.88319120405, -5881.407460200618, -5814.629769974981, -2633.4802143298357, -8017.762035759542, -6201.3348090303, 485, -1847, 485, 485, 485, 485]
INFO:root:Episode 151 Counter({5: 13})
INFO:root:[-2896.6903939125705, -4601.811299261727, -4384.945506117606, -4057.591769443482, -3760.2413829625675, -4199.357682276414, -4112.591158378189, 447, 447, 447, 447, 447, 447]
INFO:root:Episode 152 Counter({5: 13})
INFO:root:[-4940.405206560545, -4473.155892076579, -4013.0676867697316, -3951.9291732678707, -2866.7613840210015, -3785.115384085039, -5051.5076749299005, 444, 444, 444, 444, 444, 444]
INFO:root:Episode 153 Counter({5: 13})
INFO:root:[-2778.626433585515, -5632.27112278116, -4662.568865143442, -4422.477505130088, -3920.244739898713, -4759.023775095832, -5536.671948704342, 229, 229, 229, 229, 229, 229]
INFO:root:Episode 154 Counter({5: 13})
INFO:root:[-3360.4664067104286, -1814.7771992712314, -4282.468436194043, -4668.096837078403, -2005.9172368322895, -5486.958877714384, -5075.602136668239, 452, 452, 452, 452, 452, 452]
INFO:root:Episode 155 Counter({5: 13})
INFO:root:[-2636.54231605819, -4043.716168385867, -3330.5221321238946, -3465.673715424554, -3306.322953930684, -3541.214264316848, -4566.9830971476495, 439, 439, 439, 439, 439, 439]
INFO:root:Episode 156 Counter({5: 13})
INFO:root:[-3938.614571763763, -2754.3470976848207, -4625.704938452878, -3972.720490751635, -3355.961659472521, -4257.756065382308, -4492.386740406178, 450, 450, 450, 450, 450, 450]
INFO:root:Episode 157 Counter({5: 13})
INFO:root:[-3460.7808497527394, -5158.738727654169, -4600.419891574144, -4956.249839292897, -2718.776935970436, -4087.462538783279, -5974.874561189483, 464, 464, 464, 464, 464, 464]
INFO:root:Episode 158 Counter({5: 13})
INFO:root:[-4441.336938553371, -4382.732818760515, -3551.3770917191214, -2807.325234665474, -2194.292126826528, -3771.4006257986252, -4837.88895067828, 213, 213, 213, 213, 213, 213]
