INFO:root:Using good policy maddpg and adv policy maddpg
INFO:root:Starting iterations...
INFO:root:Episode 0 Counter({0: 11, 2: 2})
INFO:root:[-300.0, -300.0, -1280.0, -300.0, -300.0, -300.0, -300.0, 300.0, 300.0, -3219.0, 300.0, 300.0, 300.0]
INFO:root:Episode 1 Counter({0: 11, 2: 2})
INFO:root:[-300, -300, -937, -300, -300, -300, -300, 300, 300, -1230, 300, 300, 300]
INFO:root:Episode 2 Counter({0: 10, 2: 3})
INFO:root:[-300, -300, -2603, -300, -300, -300, -300, -3984, 300, -1332, 300, 300, 300]
INFO:root:Episode 3 Counter({0: 11, 2: 2})
INFO:root:[-300, -300, -2064, -300, -300, -300, -300, 300, 300, -1740, 300, 300, 300]
INFO:root:Episode 4 Counter({0: 10, 2: 3})
INFO:root:[-300, -300, -4073, -300, -300, -300, -300, 300, 198, -771, 300, 300, 300]
INFO:root:Episode 5 Counter({0: 11, 2: 2})
INFO:root:[-300, -300, -986, -300, -300, -300, -300, -1689, 300, 300, 300, 300, 300]
INFO:root:Episode 6 Counter({0: 12, 2: 1})
INFO:root:[-300, -300, -2407, -300, -300, -300, -300, 300, 300, 300, 300, 300, 300]
INFO:root:Episode 7 Counter({0: 11, 2: 2})
INFO:root:[-300, -300, -3093, -300, -300, -300, -300, 300, 300, -618, 300, 300, 300]
INFO:root:Episode 8 Counter({0: 10, 2: 3})
INFO:root:[-300, -300, -3436, -300, -300, -300, -300, -2046, 300, -414, 300, 300, 300]
INFO:root:Episode 9 Counter({0: 9, 2: 4})
INFO:root:[-300, -300, -2309, -300, -300, -300, -300, -1842, -2454, -2556, 300, 300, 300]
INFO:root:Episode 10 Counter({0: 12, 2: 1})
INFO:root:[-300, -300, -2897, -300, -300, -300, -300, 300, 300, 300, 300, 300, 300]
INFO:root:Episode 11 Counter({0: 12, 2: 1})
INFO:root:[-300, -300, -5102, -300, -300, -300, -300, 300, 300, 300, 300, 300, 300]
INFO:root:Episode 12 Counter({0: 11, 2: 2})
INFO:root:[-300, -300, -2113, -300, -300, -300, -300, 300, 300, -1995, 300, 300, 300]
INFO:root:Episode 13 Counter({0: 12, 2: 1})
INFO:root:[-300, -300, -2652, -300, -300, -300, -300, 300, 300, 300, 300, 300, 300]
INFO:root:Episode 14 Counter({0: 11, 2: 2})
INFO:root:[-300, -300, -2946, -300, -300, -300, -300, 300, -312, 300, 300, 300, 300]
INFO:root:Episode 15 Counter({0: 10, 2: 3})
INFO:root:[-300, -300, -1231, -300, -300, -300, -300, 300, -1893, -1995, 300, 300, 300]
INFO:root:Episode 16 Counter({0: 12, 2: 1})
INFO:root:[-300, -300, -3877, -300, -300, -300, -300, 300, 300, 300, 300, 300, 300]
INFO:root:Episode 17 Counter({0: 12, 2: 1})
INFO:root:[-300, -300, -3044, -300, -300, -300, -300, 300, 300, 300, 300, 300, 300]
INFO:root:Episode 18 Counter({0: 12, 2: 1})
INFO:root:[-300, -300, -1574, -300, -300, -300, -300, 300, 300, 300, 300, 300, 300]
INFO:root:Episode 19 Counter({0: 12, 2: 1})
INFO:root:[-300, -300, -2750, -300, -300, -300, -300, 300, 300, 300, 300, 300, 300]
INFO:root:Episode 20 Counter({0: 12, 2: 1})
INFO:root:[-300, -300, -3485, -300, -300, -300, -300, 300, 300, 300, 300, 300, 300]
INFO:root:Episode 21 Counter({0: 11, 2: 2})
INFO:root:[-300, -300, -5249, -300, -300, -300, -300, 300, 300, -669, 300, 300, 300]
INFO:root:Episode 22 Counter({0: 11, 2: 2})
INFO:root:[-300, -300, -3338, -300, -300, -300, -300, 300, 300, -414, 300, 300, 300]
INFO:root:Episode 23 Counter({0: 12, 2: 1})
INFO:root:[-300, -300, -3681, -300, -300, -300, -300, 300, 300, 300, 300, 300, 300]
INFO:root:Episode 24 Counter({0: 11, 2: 2})
INFO:root:[-300, -300, -2848, -300, -300, -300, -300, 300, 300, -3933, 300, 300, 300]
INFO:root:Episode 25 Counter({0: 11, 2: 2})
INFO:root:[-300, -300, -2603, -300, -300, -300, -300, 300, 300, -1128, 300, 300, 300]
INFO:root:Episode 26 Counter({0: 10, 2: 3})
INFO:root:[-300, -300, -692, -300, -300, -300, -300, -822, 300, -3423, 300, 300, 300]
INFO:root:Episode 27 Counter({0: 11, 2: 2})
INFO:root:[-300, -300, -2113, -300, -300, -300, -300, 300, 300, -2760, 300, 300, 300]
INFO:root:Episode 28 Counter({0: 10, 2: 3})
INFO:root:[-447, -300, -4612, -300, -300, -300, -300, 300, 300, -108, 300, 300, 300]
INFO:root:Episode 29 Counter({0: 12, 2: 1})
INFO:root:[-300, -300, -2456, -300, -300, -300, -300, 300, 300, 300, 300, 300, 300]
INFO:root:Episode 30 Counter({0: 12, 2: 1})
INFO:root:[-300, -300, -3583, -300, -300, -300, -300, 300, 300, 300, 300, 300, 300]
INFO:root:Episode 31 Counter({0: 11, 2: 2})
INFO:root:[-300, -300, -4514, -300, -300, -300, -300, 300, 300, -1842, 300, 300, 300]
INFO:root:Episode 32 Counter({0: 11, 2: 2})
INFO:root:[-300, -300, -5249, -300, -300, -300, -300, 300, 300, -3015, 300, 300, 300]
INFO:root:Episode 33 Counter({0: 10, 2: 3})
INFO:root:[-300, -300, -4220, -300, -300, -300, -300, 300, -465, -2658, 300, 300, 300]
INFO:root:Episode 34 Counter({0: 12, 2: 1})
INFO:root:[-300, -300, -2162, -300, -300, -300, -300, 300, 300, 300, 300, 300, 300]
INFO:root:Episode 35 Counter({0: 10, 2: 3})
INFO:root:[-300, -300, -1084, -300, -300, -300, -300, 300, -261, -1383, 300, 300, 300]
INFO:root:Episode 36 Counter({0: 12, 2: 1})
INFO:root:[-300, -300, -4024, -300, -300, -300, -300, 300, 300, 300, 300, 300, 300]
INFO:root:Episode 37 Counter({0: 12, 2: 1})
INFO:root:[-300, -300, -3632, -300, -300, -300, -300, 300, 300, 300, 300, 300, 300]
INFO:root:Episode 38 Counter({0: 12, 2: 1})
INFO:root:[-300, -300, -2652, -300, -300, -300, -300, 300, 300, 300, 300, 300, 300]
INFO:root:Episode 39 Counter({0: 11, 2: 2})
INFO:root:[-300, -300, -5053, -300, -300, -300, -300, 300, 300, -2454, 300, 300, 300]
INFO:root:Episode 40 Counter({0: 12, 2: 1})
INFO:root:[-300, -300, -4661, -300, -300, -300, -300, 300, 300, 300, 300, 300, 300]
INFO:root:Episode 41 Counter({0: 12, 2: 1})
INFO:root:[-300, -300, -3779, -300, -300, -300, -300, 300, 300, 300, 300, 300, 300]
INFO:root:Episode 42 Counter({0: 10, 2: 3})
INFO:root:[-300, -300, -3436, -300, -300, -300, -300, -873, 300, -2046, 300, 300, 300]
INFO:root:Episode 43 Counter({0: 11, 2: 2})
INFO:root:[-300, -300, -2554, -300, -300, -300, -300, -822, 300, 300, 300, 300, 300]
INFO:root:Episode 44 Counter({0: 12, 2: 1})
INFO:root:[-300, -300, -2946, -300, -300, -300, -300, 300, 300, 300, 300, 300, 300]
INFO:root:Episode 45 Counter({0: 11, 2: 2})
INFO:root:[-300, -300, -2309, -300, -300, -300, -300, 300, 300, -159, 300, 300, 300]
INFO:root:Episode 46 Counter({0: 12, 2: 1})
INFO:root:[-300, -300, -2946, -300, -300, -300, -300, 300, 300, 300, 300, 300, 300]
INFO:root:Episode 47 Counter({0: 12, 2: 1})
INFO:root:[-300, -300, -1672, -300, -300, -300, -300, 300, 300, 300, 300, 300, 300]
INFO:root:Episode 48 Counter({0: 12, 2: 1})
INFO:root:[-300, -300, -3436, -300, -300, -300, -300, 300, 300, 300, 300, 300, 300]
INFO:root:Episode 49 Counter({0: 11, 2: 2})
INFO:root:[-300, -300, -1868, -300, -300, -300, -300, 300, 300, -1230, 300, 300, 300]
INFO:root:Episode 50 Counter({0: 11, 2: 2})
INFO:root:[-300, -300, -2162, -300, -300, -300, -300, 300, 300, -261, 300, 300, 300]
INFO:root:Episode 51 Counter({0: 11, 2: 2})
INFO:root:[-300, -300, -3828, -300, -300, -300, -300, 300, 300, -3525, 300, 300, 300]
INFO:root:Episode 52 Counter({0: 13})
INFO:root:[-300, -300, -300, -300, -300, -300, -300, 300, 300, 300, 300, 300, 300]
INFO:root:Episode 53 Counter({0: 12, 2: 1})
INFO:root:[-300, -300, -2015, -300, -300, -300, -300, 300, 300, 300, 300, 300, 300]
INFO:root:Episode 54 Counter({0: 10, 2: 3})
INFO:root:[-300, -300, -1378, -300, -300, -300, -300, 300, -1179, -3576, 300, 300, 300]
INFO:root:Episode 55 Counter({0: 12, 2: 1})
INFO:root:[-300, -300, -2358, -300, -300, -300, -300, 300, 300, 300, 300, 300, 300]
INFO:root:Episode 56 Counter({0: 11, 2: 2})
INFO:root:[-300, -300, -1280, -300, -300, -300, -300, -3729, 300, 300, 300, 300, 300]
INFO:root:Episode 57 Counter({0: 10, 2: 3})
INFO:root:[-300, -300, -349, -300, -300, -300, -300, -2862, 300, -618, 300, 300, 300]
INFO:root:Episode 58 Counter({0: 12, 2: 1})
INFO:root:[-300, -300, -5592, -300, -300, -300, -300, 300, 300, 300, 300, 300, 300]
INFO:root:Episode 59 Counter({0: 12, 2: 1})
INFO:root:[-300, -300, -6180, -300, -300, -300, -300, 300, 300, 300, 300, 300, 300]
INFO:root:Episode 60 Counter({0: 11, 2: 2})
INFO:root:[-300, -300, -1672, -300, -300, -300, -300, 300, 300, -1332, 300, 300, 300]
INFO:root:Episode 61 Counter({0: 10, 2: 3})
INFO:root:[-300, -300, -4759, -300, -300, -300, -300, -2403, 300, -3270, 300, 300, 300]
INFO:root:Episode 62 Counter({0: 12, 2: 1})
INFO:root:[-300, -300, -2897, -300, -300, -300, -300, 300, 300, 300, 300, 300, 300]
INFO:root:Episode 63 Counter({0: 9, 2: 4})
INFO:root:[-300, -300, -4416, -300, -300, -300, -300, -1179, -2505, -3831, 300, 300, 300]
INFO:root:Episode 64 Counter({0: 12, 2: 1})
INFO:root:[-300, -300, -1721, -300, -300, -300, -300, 300, 300, 300, 300, 300, 300]
INFO:root:Episode 65 Counter({0: 11, 2: 2})
INFO:root:[-300, -300, -4857, -300, -300, -300, -300, 300, 300, 300, 300, -720, 300]
INFO:root:Episode 66 Counter({0: 12, 2: 1})
INFO:root:[-300, -300, -3142, -300, -300, -300, -300, 300, 300, 300, 300, 300, 300]
INFO:root:Episode 67 Counter({0: 11, 2: 2})
INFO:root:[-300, -300, -2260, -300, -300, -300, -300, -1791, 300, 300, 300, 300, 300]
INFO:root:Episode 68 Counter({0: 13})
INFO:root:[-300, -300, -300, -300, -300, -300, -300, 300, 300, 300, 300, 300, 300]
INFO:root:Episode 69 Counter({0: 9, 2: 4})
INFO:root:[-300, -300, -3044, -300, -300, -300, -300, -1281, -924, -2811, 300, 300, 300]
