INFO:root:Using good policy maddpg and adv policy maddpg
INFO:root:Starting iterations...
INFO:root:Episode 0 Counter({5: 13})
INFO:root:[-10488.832212284357, -5850.09803956886, -7828.886819115644, -8909.80150312641, -9770.866360901635, -8714.209195973273, -8514.460273461129, 2746.0, 2746.0, 2746.0, 2746.0, 2746.0, 2746.0]
INFO:root:Episode 1 Counter({5: 13})
INFO:root:[-14842.908331861167, -11095.345072026175, -11914.359314463767, -136604.9332223745, -13660.783121495224, -12398.63731709717, -11095.339795179052, 2765, -93774, 2765, 2765, 2765, 2765]
INFO:root:Episode 2 Counter({5: 13})
INFO:root:[-14182.722977024725, -151727.89036468838, -9072.351252637744, -10009.348568130808, -13430.396445451022, -9902.929261341616, -11117.569349892103, 2791, -224463, 2791, -67605, 2791, 2791]
INFO:root:Episode 3 Counter({5: 13})
INFO:root:[-14979.986066790694, -10477.69786165397, -14957.266381974097, -101707.62981828723, -12730.430101065791, -13707.863152547685, -11680.475749882497, 2780, -150067, 2780, 2780, 2780, 2780]
INFO:root:Episode 4 Counter({5: 13})
INFO:root:[-14121.259745149087, -10179.839267789619, -14206.677055773947, -179856.69945573912, -10867.486765906735, -11833.38283000699, -10541.170120969113, 2799, -182224, 2799, -59553, 2799, 2799]
INFO:root:Episode 5 Counter({5: 13})
INFO:root:[-12775.459913877447, -7969.523699440723, -9549.019793076423, -10356.279353491136, -12578.22717143377, -11916.17255732866, -10119.007594575585, 2753, 2753, 2753, 2753, 2753, 2753]
INFO:root:Episode 6 Counter({5: 13})
INFO:root:[-13132.60255860137, -9501.792359520361, -10271.300578873619, -98672.49684386599, -12317.900713442838, -11944.893778209233, -10121.553184593791, 2759, 2759, 2759, 2759, 2759, 2759]
INFO:root:Episode 7 Counter({5: 13})
INFO:root:[-12620.510047066904, -7422.725623838354, -11116.913094655843, -36144.14361036358, -8952.595239165374, -10588.102987301796, -9849.187211306516, 2793, -77658, 2793, -15317, 2793, 2793]
INFO:root:Episode 8 Counter({5: 13})
INFO:root:[-11721.358943283642, -125224.01970680845, -7756.890085139139, -54591.68686171491, -10264.694700495178, -10871.343285884237, -8952.877745759633, 2786, 2786, 2786, -95764, 2786, 2786]
INFO:root:Episode 9 Counter({5: 13})
INFO:root:[-11670.408418914583, -118164.57922494461, -9703.887907938935, -108301.91293217898, -13551.677631826045, -9801.965190277797, -14375.766520422181, 2784, -162129, 2784, -79678, 2784, 2784]
INFO:root:Episode 10 Counter({5: 13})
INFO:root:[-9086.888043114177, -7586.699359583974, -12015.626626026962, -8456.567897517738, -7456.79709287164, -8655.90100145963, -57795.013869622984, 2744, -125971, 2744, 2744, 2744, 2744]
INFO:root:Episode 11 Counter({5: 13})
INFO:root:[-13302.25404009117, -16143.315801874109, -10287.400021495967, -118807.51197469588, -10104.170176419937, -11843.890975413244, -10169.274220129902, 2776, -37455, 2776, -105829, 2776, 2776]
INFO:root:Episode 12 Counter({5: 13})
INFO:root:[-11389.615755940333, -6934.362524030021, -7534.033550769757, -8632.868037031487, -9827.225080006687, -8884.572753717192, -8748.904302998086, 2789, 2789, -19343, 2789, 2789, 2789]
INFO:root:Episode 13 Counter({5: 13})
INFO:root:[-13691.046300948945, -9600.32036638006, -11422.271605339192, -93430.83684318732, -13432.064345500057, -13097.180103117127, -11384.195279316185, 2766, 2766, 2766, 2766, 2766, 2766]
INFO:root:Episode 14 Counter({5: 13})
INFO:root:[-10491.91844905841, -7625.912412212569, -41775.63198195535, -9693.534321920131, -13422.881349634641, -8523.57682784663, -9634.234228881402, 2796, -176194, 2796, 2796, 2796, 2796]
INFO:root:Episode 15 Counter({5: 13})
INFO:root:[-10581.505019940087, -8532.401040377692, -7102.450169991122, -42337.70925070254, -8193.943757642835, -8587.1881462073, -8413.576600757171, 2751, 2751, 2751, 2751, 2751, 2751]
INFO:root:Episode 16 Counter({5: 13})
INFO:root:[-11268.793434120464, -8654.103815175005, -12552.996444579374, -9232.303204200996, -9394.796783463094, -10454.545009562404, -171376.95338092023, 2763, -202370, 2763, 2763, 2763, 2763]
INFO:root:Episode 17 Counter({5: 13})
INFO:root:[-14717.935661006242, -10404.645361656661, -11320.361855447825, -52728.12249381099, -11843.420192177215, -12379.270695743928, -11169.560322488796, 2767, -69640, 2767, -33442, 2767, 2767]
INFO:root:Episode 18 Counter({5: 13})
INFO:root:[-12067.827274988267, -275850.6323697427, -9022.608234994468, -55185.21612279475, -8575.56187719245, -9958.652899195613, -8764.25909672748, 2796, 2796, 2796, -170161, 2796, 2796]
INFO:root:Episode 19 Counter({5: 13})
INFO:root:[-9197.832406419613, -6094.659111783383, -6916.672915291535, -7916.0132630720855, -9529.697044087752, -6882.294126840721, -7758.205524651532, 2741, -25424, 2741, 2741, 2741, 2741]
INFO:root:Episode 20 Counter({5: 13})
INFO:root:[-10483.495698839708, -7768.429727018155, -9985.83579139956, -8190.7044943534365, -8137.6673005543325, -8553.396206691832, -8448.339534929417, 2746, -148090, 2746, 2746, 2746, 2746]
INFO:root:Episode 21 Counter({5: 13})
INFO:root:[-13473.049184114117, -8390.20572699521, -12778.976061220284, -10441.960991378592, -12050.513724705455, -13218.846791841806, -14467.646731933506, 2773, -123931, 2773, 2773, 2773, 2773]
