INFO:root:Using good policy maddpg and adv policy maddpg
INFO:root:Starting iterations...
INFO:root:Episode 0 Counter({5: 13})
INFO:root:[-2616.0, -649.0, -649.0, -649.0, -31007.0, -649.0, -16055.0, -5186.0, -24114.0, 649.0, 649.0, 649.0, 649.0]
INFO:root:Episode 1 Counter({5: 13})
INFO:root:[-550, -550, -550, -550, -550, -550, -19605, 550, -10017, 550, 550, -17297, 550]
INFO:root:Episode 2 Counter({5: 13})
INFO:root:[-503, -3004, -503, -503, -17066, -503, -8522, 503, 503, 503, 503, -7425, 503]
INFO:root:Episode 3 Counter({5: 13})
INFO:root:[-494, -494, -494, -494, -7801, -948, -494, 494, -12166, 494, 494, 494, 494]
INFO:root:Episode 4 Counter({5: 13})
INFO:root:[-401, -401, -18477, -401, -21058, -401, -401, -5980, -17628, 401, 401, 401, 401]
INFO:root:Episode 5 Counter({5: 13})
INFO:root:[-394, -394, -394, -394, -394, -2183, -394, 394, -8717, 394, 394, 394, 394]
INFO:root:Episode 6 Counter({5: 13})
INFO:root:[-401, -401, -401, -401, -24885, -2457, -13048, 401, -16991, 401, 401, 401, 401]
INFO:root:Episode 7 Counter({2: 7, 4: 6})
INFO:root:[-423, -13408, -8513, -423, -28627, -14298, -24889, 423, 423, 423, 423, -11054, 412]
INFO:root:Episode 8 Counter({5: 13})
INFO:root:[-2002, -658, -658, -658, -30749, -9834, -27367, -14732, -23013, 658, -3539, 658, 658]
INFO:root:Episode 9 Counter({5: 13})
INFO:root:[-470, -470, -5285, -470, -28336, -470, -19703, 470, -24657, 470, 470, 470, 470]
INFO:root:Episode 10 Counter({5: 13})
INFO:root:[-568, -568, -23806, -16330, -24607, -568, -568, -15459, -12183, 568, 568, 568, 568]
INFO:root:Episode 11 Counter({5: 13})
INFO:root:[-533, -533, -533, -533, -21368, -533, -533, 533, -12764, 533, 533, 533, 533]
INFO:root:Episode 12 Counter({5: 13})
INFO:root:[-327, -327, -327, -327, -11550, -327, -425, 327, -9967, 327, 327, 327, 327]
INFO:root:Episode 13 Counter({1: 9, 2: 4})
INFO:root:[-425, -425, -4399, -7158, -6090, -425, -425, 425, -1333, 425, 425, 425, 425]
