INFO:root:Using good policy maddpg and adv policy maddpg
INFO:root:Starting iterations...
INFO:root:[-3726.5324582936146, -2545.081071355337, -3293.4675774560733, -3534.6192364800017, -1995.6515537434466, -3312.240854572864, -2195.375109317626, 271.0, 271.0, 271.0, 271.0, 271.0, 271.0]
INFO:root:[-5454.766277862429, -4719.782524923555, -3777.666408399163, -4170.136236663164, -2962.086002976207, -4193.83982699865, -3445.815627903, 268, 268, 268, 268, 268, 268]
INFO:root:[-702.7465653392723, -572.1997100403831, -667.5674802810299, -691.0678015419278, -816.4565401969904, -797.0879897045837, -713.7691208593499, 116, 116, 116, 116, 116, 116]
INFO:root:[-3669.0425817209652, -2273.441792808991, -1587.578093851795, -1580.1655489006973, -3996.625985038599, -2540.5097322934143, -2050.8787951881573, 261, 261, 261, 261, 261, 261]
INFO:root:[-2579.776073749295, -1730.941749064031, -2317.926890969861, -2815.6237350271854, -2045.4266122044985, -2093.3895349421346, -1367.1069331268457, 223, 223, 223, 223, 223, 223]
INFO:root:[-3415.0564254265123, -3422.415096364189, -1828.3718140962662, -3253.17587254802, -3436.1103362318645, -4275.661855105966, -1835.1844710428923, 296, 296, 296, 296, -2164, 296]
INFO:root:[-1374.2619424197119, -878.7646654526101, -1034.489260570194, -942.9412571008236, -1198.6101062790394, -1436.8842113949934, -1293.7466079069989, 115, 115, 115, 115, 115, 115]
INFO:root:[-5254.107172193522, -4158.71344181494, -3149.328473685075, -3434.4758786960992, -2558.3647221896936, -4460.909454526738, -3423.7875659802144, 272, 272, 272, 272, -297, 272]
INFO:root:[-2007.49990194107, -876.1077365870143, -1330.7248076990604, -1089.8991390174072, -1061.685905893747, -1466.8260436367102, -1016.5251848147124, 175, 175, 175, 175, 175, 175]
INFO:root:[-2212.450231657358, -2518.469089105584, -3077.92881712859, -3695.8223711313967, -2302.3325921946935, -4070.737632702008, -2060.726173764942, -633, 277, 277, 277, -2214, 277]
INFO:root:[-1816.6192025978316, -1042.1680370802162, -999.061062515882, -773.6895820080182, -444.52701928915775, -930.5701199041113, -847.6434593621339, 165, 165, 165, 165, 165, 165]
INFO:root:[-755.4026335353833, -711.2241983336, -584.3692316661068, -628.3721536848926, -776.4897846320563, -806.4953021330849, -590.6560415313398, 95, 95, 95, 95, 95, 95]
INFO:root:[-3025.9636681740444, -1268.8523102638196, -1267.0465205859907, -1147.5510267554444, -2019.3920099842228, -1366.0606679346727, -1635.2456283866995, 183, 183, 183, 183, 183, 183]
INFO:root:[-2834.313644802882, -2212.079695791, -1703.5067311507637, -2204.9028610820055, -2891.110859489265, -2701.14492460153, -1785.7342124319114, 240, 240, 240, 240, -28, 240]
INFO:root:[-122.34349940437804, -190.7575405873712, -242.22966570048337, -243.03578578977658, -220.77273183439408, -292.5554450793158, -160.01311725962094, 24, 24, 24, 24, 24, 24]
INFO:root:[-1296.9603003975121, -932.9934219732512, -1019.2514798570447, -1073.3670910120134, -1054.366939255333, -1038.5183803180626, -1117.8714465685575, 198, 198, 198, 198, 198, 198]
INFO:root:[-1224.2794289801543, -878.2421728446351, -1543.2905286272392, -921.9156599772647, -1374.9161709011514, -984.0102745327242, -1138.2013074258496, 169, 169, 169, 169, 169, 169]
INFO:root:[-1930.8972569433627, -1005.8946920958729, -1160.2229340155004, -1019.6959160920052, -1156.7903453706085, -1017.7307569631574, -1336.8416420530282, 162, 162, 162, 162, 162, 162]
INFO:root:[-1996.2804126972749, -2202.184553182424, -1609.9170229505883, -2015.8143940359744, -2807.9578654059014, -2257.9219164226556, -2056.9814481370104, 246, 246, 246, 246, 246, 246]
INFO:root:[-4563.734105132262, -3552.8983066474293, -2756.125282389655, -3454.2306537994937, -2926.572961590984, -3564.266227037999, -2981.212053849621, 267, 267, 267, 267, -1272, 267]
INFO:root:[-1952.2851108621362, -2136.992793425202, -1648.4650336895456, -2936.864662004908, -2036.9529540248714, -1699.03135562015, -1906.5577860071455, 235, 235, 235, 235, 235, 235]
INFO:root:[-4712.819559421881, -2459.1656208004697, -2482.7121359188154, -3413.8862764964165, -2905.7254713435946, -2823.118036042186, -2086.9353478679964, 275, 275, 275, 275, -542, 275]
INFO:root:[-1064.7499620779474, -1419.8250038520541, -957.9545392547424, -1096.0930784420646, -1247.6760508877928, -1454.4761786318495, -1098.9137433369492, 155, 155, 155, 155, 155, 155]
INFO:root:[-814.77141903906, -1028.3985646971096, -1282.8890785156443, -1068.5138595155922, -974.7407586214176, -1289.6623993805035, -1004.8855022702853, 131, 131, 131, 131, 131, 131]
INFO:root:[-455.6677942800298, -638.8498681591818, -308.4905090539021, -569.8384804438165, -410.6641884542031, -620.6693112901828, -648.5979028990599, 84, 84, 84, 84, 84, 84]
INFO:root:[-2193.688818162291, -2220.137990514135, -1364.7527257735223, -1868.9788602409112, -2979.932586487383, -2300.6650749559712, -1981.594261720004, 229, 229, 229, 229, -1124, 229]
INFO:root:[-4511.168471783644, -3487.622456431018, -2685.773224971351, -3642.239338450931, -2584.930896438194, -4128.762767128454, -2370.7361705545186, 280, 280, 280, 280, -1343, 280]
