Using good policy maddpg and adv policy maddpg
Starting iterations...
Episode  0 Counter({3: 13})
[-3332.727330790552]
Episode  1 Counter({5: 13})
[-3332.727330790552, -32857.34955781925]
Episode  2 Counter({5: 13})
[-3332.727330790552, -32857.34955781925, -29926.948727442945]
Episode  3 Counter({5: 13})
[-3332.727330790552, -32857.34955781925, -29926.948727442945, -29889.201004453804]
Episode  4 Counter({5: 13})
[-3332.727330790552, -32857.34955781925, -29926.948727442945, -29889.201004453804, -35971.33963103659]
Episode  5 Counter({1: 9, 2: 4})
[-3332.727330790552, -32857.34955781925, -29926.948727442945, -29889.201004453804, -35971.33963103659, -12190.122682478646]
Episode  6 Counter({5: 13})
[-3332.727330790552, -32857.34955781925, -29926.948727442945, -29889.201004453804, -35971.33963103659, -12190.122682478646, -33070.57483963457]
Episode  7 Counter({5: 13})
[-3332.727330790552, -32857.34955781925, -29926.948727442945, -29889.201004453804, -35971.33963103659, -12190.122682478646, -33070.57483963457, -38915.387882264105]
Episode  8 Counter({5: 13})
[-3332.727330790552, -32857.34955781925, -29926.948727442945, -29889.201004453804, -35971.33963103659, -12190.122682478646, -33070.57483963457, -38915.387882264105, -54249.64979298796]
Episode  9 Counter({5: 13})
[-3332.727330790552, -32857.34955781925, -29926.948727442945, -29889.201004453804, -35971.33963103659, -12190.122682478646, -33070.57483963457, -38915.387882264105, -54249.64979298796, -35562.09046699496]
Episode  10 Counter({1: 12, 2: 1})
[-3332.727330790552, -32857.34955781925, -29926.948727442945, -29889.201004453804, -35971.33963103659, -12190.122682478646, -33070.57483963457, -38915.387882264105, -54249.64979298796, -35562.09046699496, -13558.646342324271]
Episode  11 Counter({5: 13})
[-3332.727330790552, -32857.34955781925, -29926.948727442945, -29889.201004453804, -35971.33963103659, -12190.122682478646, -33070.57483963457, -38915.387882264105, -54249.64979298796, -35562.09046699496, -13558.646342324271, -27918.551264714184]
Episode  12 Counter({1: 13})
[-3332.727330790552, -32857.34955781925, -29926.948727442945, -29889.201004453804, -35971.33963103659, -12190.122682478646, -33070.57483963457, -38915.387882264105, -54249.64979298796, -35562.09046699496, -13558.646342324271, -27918.551264714184, -7229.446304998577]
Episode  13 Counter({5: 13})
[-3332.727330790552, -32857.34955781925, -29926.948727442945, -29889.201004453804, -35971.33963103659, -12190.122682478646, -33070.57483963457, -38915.387882264105, -54249.64979298796, -35562.09046699496, -13558.646342324271, -27918.551264714184, -7229.446304998577, -37998.43560325305]
Episode  14 Counter({3: 13})
[-3332.727330790552, -32857.34955781925, -29926.948727442945, -29889.201004453804, -35971.33963103659, -12190.122682478646, -33070.57483963457, -38915.387882264105, -54249.64979298796, -35562.09046699496, -13558.646342324271, -27918.551264714184, -7229.446304998577, -37998.43560325305, -3813.7928879019505]
Episode  15 Counter({5: 13})
[-3332.727330790552, -32857.34955781925, -29926.948727442945, -29889.201004453804, -35971.33963103659, -12190.122682478646, -33070.57483963457, -38915.387882264105, -54249.64979298796, -35562.09046699496, -13558.646342324271, -27918.551264714184, -7229.446304998577, -37998.43560325305, -3813.7928879019505, -29446.742630027635]
Episode  16 Counter({5: 13})
[-3332.727330790552, -32857.34955781925, -29926.948727442945, -29889.201004453804, -35971.33963103659, -12190.122682478646, -33070.57483963457, -38915.387882264105, -54249.64979298796, -35562.09046699496, -13558.646342324271, -27918.551264714184, -7229.446304998577, -37998.43560325305, -3813.7928879019505, -29446.742630027635, -56237.52844544182]
Episode  17 Counter({5: 13})
[-3332.727330790552, -32857.34955781925, -29926.948727442945, -29889.201004453804, -35971.33963103659, -12190.122682478646, -33070.57483963457, -38915.387882264105, -54249.64979298796, -35562.09046699496, -13558.646342324271, -27918.551264714184, -7229.446304998577, -37998.43560325305, -3813.7928879019505, -29446.742630027635, -56237.52844544182, -51182.128275626594]
Episode  18 Counter({5: 13})
[-3332.727330790552, -32857.34955781925, -29926.948727442945, -29889.201004453804, -35971.33963103659, -12190.122682478646, -33070.57483963457, -38915.387882264105, -54249.64979298796, -35562.09046699496, -13558.646342324271, -27918.551264714184, -7229.446304998577, -37998.43560325305, -3813.7928879019505, -29446.742630027635, -56237.52844544182, -51182.128275626594, -39601.05253345781]
Episode  19 Counter({5: 13})
[-3332.727330790552, -32857.34955781925, -29926.948727442945, -29889.201004453804, -35971.33963103659, -12190.122682478646, -33070.57483963457, -38915.387882264105, -54249.64979298796, -35562.09046699496, -13558.646342324271, -27918.551264714184, -7229.446304998577, -37998.43560325305, -3813.7928879019505, -29446.742630027635, -56237.52844544182, -51182.128275626594, -39601.05253345781, -22904.8986137199]
Episode  20 Counter({5: 13})
[-3332.727330790552, -32857.34955781925, -29926.948727442945, -29889.201004453804, -35971.33963103659, -12190.122682478646, -33070.57483963457, -38915.387882264105, -54249.64979298796, -35562.09046699496, -13558.646342324271, -27918.551264714184, -7229.446304998577, -37998.43560325305, -3813.7928879019505, -29446.742630027635, -56237.52844544182, -51182.128275626594, -39601.05253345781, -22904.8986137199, -40805.01680948172]
Episode  21 Counter({1: 13})
[-3332.727330790552, -32857.34955781925, -29926.948727442945, -29889.201004453804, -35971.33963103659, -12190.122682478646, -33070.57483963457, -38915.387882264105, -54249.64979298796, -35562.09046699496, -13558.646342324271, -27918.551264714184, -7229.446304998577, -37998.43560325305, -3813.7928879019505, -29446.742630027635, -56237.52844544182, -51182.128275626594, -39601.05253345781, -22904.8986137199, -40805.01680948172, -6259.60916536712]
Episode  22 Counter({5: 13})
[-3332.727330790552, -32857.34955781925, -29926.948727442945, -29889.201004453804, -35971.33963103659, -12190.122682478646, -33070.57483963457, -38915.387882264105, -54249.64979298796, -35562.09046699496, -13558.646342324271, -27918.551264714184, -7229.446304998577, -37998.43560325305, -3813.7928879019505, -29446.742630027635, -56237.52844544182, -51182.128275626594, -39601.05253345781, -22904.8986137199, -40805.01680948172, -6259.60916536712, -48558.2563603686]
Episode  23 Counter({5: 13})
[-3332.727330790552, -32857.34955781925, -29926.948727442945, -29889.201004453804, -35971.33963103659, -12190.122682478646, -33070.57483963457, -38915.387882264105, -54249.64979298796, -35562.09046699496, -13558.646342324271, -27918.551264714184, -7229.446304998577, -37998.43560325305, -3813.7928879019505, -29446.742630027635, -56237.52844544182, -51182.128275626594, -39601.05253345781, -22904.8986137199, -40805.01680948172, -6259.60916536712, -48558.2563603686, -45372.70348702037]
Episode  24 Counter({5: 13})
[-3332.727330790552, -32857.34955781925, -29926.948727442945, -29889.201004453804, -35971.33963103659, -12190.122682478646, -33070.57483963457, -38915.387882264105, -54249.64979298796, -35562.09046699496, -13558.646342324271, -27918.551264714184, -7229.446304998577, -37998.43560325305, -3813.7928879019505, -29446.742630027635, -56237.52844544182, -51182.128275626594, -39601.05253345781, -22904.8986137199, -40805.01680948172, -6259.60916536712, -48558.2563603686, -45372.70348702037, -29978.64077432424]
Episode  25 Counter({5: 13})
[-3332.727330790552, -32857.34955781925, -29926.948727442945, -29889.201004453804, -35971.33963103659, -12190.122682478646, -33070.57483963457, -38915.387882264105, -54249.64979298796, -35562.09046699496, -13558.646342324271, -27918.551264714184, -7229.446304998577, -37998.43560325305, -3813.7928879019505, -29446.742630027635, -56237.52844544182, -51182.128275626594, -39601.05253345781, -22904.8986137199, -40805.01680948172, -6259.60916536712, -48558.2563603686, -45372.70348702037, -29978.64077432424, -53379.514021700954]
Episode  26 Counter({3: 13})
[-3332.727330790552, -32857.34955781925, -29926.948727442945, -29889.201004453804, -35971.33963103659, -12190.122682478646, -33070.57483963457, -38915.387882264105, -54249.64979298796, -35562.09046699496, -13558.646342324271, -27918.551264714184, -7229.446304998577, -37998.43560325305, -3813.7928879019505, -29446.742630027635, -56237.52844544182, -51182.128275626594, -39601.05253345781, -22904.8986137199, -40805.01680948172, -6259.60916536712, -48558.2563603686, -45372.70348702037, -29978.64077432424, -53379.514021700954, -2220.6463363786147]
Episode  27 Counter({5: 13})
[-3332.727330790552, -32857.34955781925, -29926.948727442945, -29889.201004453804, -35971.33963103659, -12190.122682478646, -33070.57483963457, -38915.387882264105, -54249.64979298796, -35562.09046699496, -13558.646342324271, -27918.551264714184, -7229.446304998577, -37998.43560325305, -3813.7928879019505, -29446.742630027635, -56237.52844544182, -51182.128275626594, -39601.05253345781, -22904.8986137199, -40805.01680948172, -6259.60916536712, -48558.2563603686, -45372.70348702037, -29978.64077432424, -53379.514021700954, -2220.6463363786147, -35812.47789054727]
Episode  28 Counter({5: 13})
[-3332.727330790552, -32857.34955781925, -29926.948727442945, -29889.201004453804, -35971.33963103659, -12190.122682478646, -33070.57483963457, -38915.387882264105, -54249.64979298796, -35562.09046699496, -13558.646342324271, -27918.551264714184, -7229.446304998577, -37998.43560325305, -3813.7928879019505, -29446.742630027635, -56237.52844544182, -51182.128275626594, -39601.05253345781, -22904.8986137199, -40805.01680948172, -6259.60916536712, -48558.2563603686, -45372.70348702037, -29978.64077432424, -53379.514021700954, -2220.6463363786147, -35812.47789054727, -37527.84866604988]
Episode  29 Counter({3: 11, 2: 2})
[-3332.727330790552, -32857.34955781925, -29926.948727442945, -29889.201004453804, -35971.33963103659, -12190.122682478646, -33070.57483963457, -38915.387882264105, -54249.64979298796, -35562.09046699496, -13558.646342324271, -27918.551264714184, -7229.446304998577, -37998.43560325305, -3813.7928879019505, -29446.742630027635, -56237.52844544182, -51182.128275626594, -39601.05253345781, -22904.8986137199, -40805.01680948172, -6259.60916536712, -48558.2563603686, -45372.70348702037, -29978.64077432424, -53379.514021700954, -2220.6463363786147, -35812.47789054727, -37527.84866604988, -11590.637556110296]
Episode  30 Counter({5: 13})
[-3332.727330790552, -32857.34955781925, -29926.948727442945, -29889.201004453804, -35971.33963103659, -12190.122682478646, -33070.57483963457, -38915.387882264105, -54249.64979298796, -35562.09046699496, -13558.646342324271, -27918.551264714184, -7229.446304998577, -37998.43560325305, -3813.7928879019505, -29446.742630027635, -56237.52844544182, -51182.128275626594, -39601.05253345781, -22904.8986137199, -40805.01680948172, -6259.60916536712, -48558.2563603686, -45372.70348702037, -29978.64077432424, -53379.514021700954, -2220.6463363786147, -35812.47789054727, -37527.84866604988, -11590.637556110296, -47398.77750160899]
Episode  31 Counter({5: 13})
[-3332.727330790552, -32857.34955781925, -29926.948727442945, -29889.201004453804, -35971.33963103659, -12190.122682478646, -33070.57483963457, -38915.387882264105, -54249.64979298796, -35562.09046699496, -13558.646342324271, -27918.551264714184, -7229.446304998577, -37998.43560325305, -3813.7928879019505, -29446.742630027635, -56237.52844544182, -51182.128275626594, -39601.05253345781, -22904.8986137199, -40805.01680948172, -6259.60916536712, -48558.2563603686, -45372.70348702037, -29978.64077432424, -53379.514021700954, -2220.6463363786147, -35812.47789054727, -37527.84866604988, -11590.637556110296, -47398.77750160899, -33136.48064639111]
Episode  32 Counter({5: 13})
[-3332.727330790552, -32857.34955781925, -29926.948727442945, -29889.201004453804, -35971.33963103659, -12190.122682478646, -33070.57483963457, -38915.387882264105, -54249.64979298796, -35562.09046699496, -13558.646342324271, -27918.551264714184, -7229.446304998577, -37998.43560325305, -3813.7928879019505, -29446.742630027635, -56237.52844544182, -51182.128275626594, -39601.05253345781, -22904.8986137199, -40805.01680948172, -6259.60916536712, -48558.2563603686, -45372.70348702037, -29978.64077432424, -53379.514021700954, -2220.6463363786147, -35812.47789054727, -37527.84866604988, -11590.637556110296, -47398.77750160899, -33136.48064639111, -27228.53582045586]
Episode  33 Counter({1: 9, 2: 4})
[-3332.727330790552, -32857.34955781925, -29926.948727442945, -29889.201004453804, -35971.33963103659, -12190.122682478646, -33070.57483963457, -38915.387882264105, -54249.64979298796, -35562.09046699496, -13558.646342324271, -27918.551264714184, -7229.446304998577, -37998.43560325305, -3813.7928879019505, -29446.742630027635, -56237.52844544182, -51182.128275626594, -39601.05253345781, -22904.8986137199, -40805.01680948172, -6259.60916536712, -48558.2563603686, -45372.70348702037, -29978.64077432424, -53379.514021700954, -2220.6463363786147, -35812.47789054727, -37527.84866604988, -11590.637556110296, -47398.77750160899, -33136.48064639111, -27228.53582045586, -17533.058229257047]
Episode  34 Counter({3: 13})
[-3332.727330790552, -32857.34955781925, -29926.948727442945, -29889.201004453804, -35971.33963103659, -12190.122682478646, -33070.57483963457, -38915.387882264105, -54249.64979298796, -35562.09046699496, -13558.646342324271, -27918.551264714184, -7229.446304998577, -37998.43560325305, -3813.7928879019505, -29446.742630027635, -56237.52844544182, -51182.128275626594, -39601.05253345781, -22904.8986137199, -40805.01680948172, -6259.60916536712, -48558.2563603686, -45372.70348702037, -29978.64077432424, -53379.514021700954, -2220.6463363786147, -35812.47789054727, -37527.84866604988, -11590.637556110296, -47398.77750160899, -33136.48064639111, -27228.53582045586, -17533.058229257047, -6043.714638039483]
Episode  35 Counter({1: 12, 2: 1})
[-3332.727330790552, -32857.34955781925, -29926.948727442945, -29889.201004453804, -35971.33963103659, -12190.122682478646, -33070.57483963457, -38915.387882264105, -54249.64979298796, -35562.09046699496, -13558.646342324271, -27918.551264714184, -7229.446304998577, -37998.43560325305, -3813.7928879019505, -29446.742630027635, -56237.52844544182, -51182.128275626594, -39601.05253345781, -22904.8986137199, -40805.01680948172, -6259.60916536712, -48558.2563603686, -45372.70348702037, -29978.64077432424, -53379.514021700954, -2220.6463363786147, -35812.47789054727, -37527.84866604988, -11590.637556110296, -47398.77750160899, -33136.48064639111, -27228.53582045586, -17533.058229257047, -6043.714638039483, -14306.375228494015]
Episode  36 Counter({5: 13})
[-3332.727330790552, -32857.34955781925, -29926.948727442945, -29889.201004453804, -35971.33963103659, -12190.122682478646, -33070.57483963457, -38915.387882264105, -54249.64979298796, -35562.09046699496, -13558.646342324271, -27918.551264714184, -7229.446304998577, -37998.43560325305, -3813.7928879019505, -29446.742630027635, -56237.52844544182, -51182.128275626594, -39601.05253345781, -22904.8986137199, -40805.01680948172, -6259.60916536712, -48558.2563603686, -45372.70348702037, -29978.64077432424, -53379.514021700954, -2220.6463363786147, -35812.47789054727, -37527.84866604988, -11590.637556110296, -47398.77750160899, -33136.48064639111, -27228.53582045586, -17533.058229257047, -6043.714638039483, -14306.375228494015, -24531.47859136923]
Episode  37 Counter({1: 13})
[-3332.727330790552, -32857.34955781925, -29926.948727442945, -29889.201004453804, -35971.33963103659, -12190.122682478646, -33070.57483963457, -38915.387882264105, -54249.64979298796, -35562.09046699496, -13558.646342324271, -27918.551264714184, -7229.446304998577, -37998.43560325305, -3813.7928879019505, -29446.742630027635, -56237.52844544182, -51182.128275626594, -39601.05253345781, -22904.8986137199, -40805.01680948172, -6259.60916536712, -48558.2563603686, -45372.70348702037, -29978.64077432424, -53379.514021700954, -2220.6463363786147, -35812.47789054727, -37527.84866604988, -11590.637556110296, -47398.77750160899, -33136.48064639111, -27228.53582045586, -17533.058229257047, -6043.714638039483, -14306.375228494015, -24531.47859136923, -7284.081703322407]
Episode  38 Counter({1: 13})
[-3332.727330790552, -32857.34955781925, -29926.948727442945, -29889.201004453804, -35971.33963103659, -12190.122682478646, -33070.57483963457, -38915.387882264105, -54249.64979298796, -35562.09046699496, -13558.646342324271, -27918.551264714184, -7229.446304998577, -37998.43560325305, -3813.7928879019505, -29446.742630027635, -56237.52844544182, -51182.128275626594, -39601.05253345781, -22904.8986137199, -40805.01680948172, -6259.60916536712, -48558.2563603686, -45372.70348702037, -29978.64077432424, -53379.514021700954, -2220.6463363786147, -35812.47789054727, -37527.84866604988, -11590.637556110296, -47398.77750160899, -33136.48064639111, -27228.53582045586, -17533.058229257047, -6043.714638039483, -14306.375228494015, -24531.47859136923, -7284.081703322407, -6934.738734842594]
Episode  39 Counter({5: 13})
[-3332.727330790552, -32857.34955781925, -29926.948727442945, -29889.201004453804, -35971.33963103659, -12190.122682478646, -33070.57483963457, -38915.387882264105, -54249.64979298796, -35562.09046699496, -13558.646342324271, -27918.551264714184, -7229.446304998577, -37998.43560325305, -3813.7928879019505, -29446.742630027635, -56237.52844544182, -51182.128275626594, -39601.05253345781, -22904.8986137199, -40805.01680948172, -6259.60916536712, -48558.2563603686, -45372.70348702037, -29978.64077432424, -53379.514021700954, -2220.6463363786147, -35812.47789054727, -37527.84866604988, -11590.637556110296, -47398.77750160899, -33136.48064639111, -27228.53582045586, -17533.058229257047, -6043.714638039483, -14306.375228494015, -24531.47859136923, -7284.081703322407, -6934.738734842594, -39686.9780636605]
Episode  40 Counter({5: 13})
[-3332.727330790552, -32857.34955781925, -29926.948727442945, -29889.201004453804, -35971.33963103659, -12190.122682478646, -33070.57483963457, -38915.387882264105, -54249.64979298796, -35562.09046699496, -13558.646342324271, -27918.551264714184, -7229.446304998577, -37998.43560325305, -3813.7928879019505, -29446.742630027635, -56237.52844544182, -51182.128275626594, -39601.05253345781, -22904.8986137199, -40805.01680948172, -6259.60916536712, -48558.2563603686, -45372.70348702037, -29978.64077432424, -53379.514021700954, -2220.6463363786147, -35812.47789054727, -37527.84866604988, -11590.637556110296, -47398.77750160899, -33136.48064639111, -27228.53582045586, -17533.058229257047, -6043.714638039483, -14306.375228494015, -24531.47859136923, -7284.081703322407, -6934.738734842594, -39686.9780636605, -22568.10015266014]
Episode  41 Counter({5: 13})
[-3332.727330790552, -32857.34955781925, -29926.948727442945, -29889.201004453804, -35971.33963103659, -12190.122682478646, -33070.57483963457, -38915.387882264105, -54249.64979298796, -35562.09046699496, -13558.646342324271, -27918.551264714184, -7229.446304998577, -37998.43560325305, -3813.7928879019505, -29446.742630027635, -56237.52844544182, -51182.128275626594, -39601.05253345781, -22904.8986137199, -40805.01680948172, -6259.60916536712, -48558.2563603686, -45372.70348702037, -29978.64077432424, -53379.514021700954, -2220.6463363786147, -35812.47789054727, -37527.84866604988, -11590.637556110296, -47398.77750160899, -33136.48064639111, -27228.53582045586, -17533.058229257047, -6043.714638039483, -14306.375228494015, -24531.47859136923, -7284.081703322407, -6934.738734842594, -39686.9780636605, -22568.10015266014, -43911.37360985349]
Episode  42 Counter({2: 7, 4: 6})
[-3332.727330790552, -32857.34955781925, -29926.948727442945, -29889.201004453804, -35971.33963103659, -12190.122682478646, -33070.57483963457, -38915.387882264105, -54249.64979298796, -35562.09046699496, -13558.646342324271, -27918.551264714184, -7229.446304998577, -37998.43560325305, -3813.7928879019505, -29446.742630027635, -56237.52844544182, -51182.128275626594, -39601.05253345781, -22904.8986137199, -40805.01680948172, -6259.60916536712, -48558.2563603686, -45372.70348702037, -29978.64077432424, -53379.514021700954, -2220.6463363786147, -35812.47789054727, -37527.84866604988, -11590.637556110296, -47398.77750160899, -33136.48064639111, -27228.53582045586, -17533.058229257047, -6043.714638039483, -14306.375228494015, -24531.47859136923, -7284.081703322407, -6934.738734842594, -39686.9780636605, -22568.10015266014, -43911.37360985349, -43039.27718093702]
Episode  43 Counter({5: 13})
[-3332.727330790552, -32857.34955781925, -29926.948727442945, -29889.201004453804, -35971.33963103659, -12190.122682478646, -33070.57483963457, -38915.387882264105, -54249.64979298796, -35562.09046699496, -13558.646342324271, -27918.551264714184, -7229.446304998577, -37998.43560325305, -3813.7928879019505, -29446.742630027635, -56237.52844544182, -51182.128275626594, -39601.05253345781, -22904.8986137199, -40805.01680948172, -6259.60916536712, -48558.2563603686, -45372.70348702037, -29978.64077432424, -53379.514021700954, -2220.6463363786147, -35812.47789054727, -37527.84866604988, -11590.637556110296, -47398.77750160899, -33136.48064639111, -27228.53582045586, -17533.058229257047, -6043.714638039483, -14306.375228494015, -24531.47859136923, -7284.081703322407, -6934.738734842594, -39686.9780636605, -22568.10015266014, -43911.37360985349, -43039.27718093702, -43856.24716510669]
Episode  44 Counter({2: 7, 4: 6})
[-3332.727330790552, -32857.34955781925, -29926.948727442945, -29889.201004453804, -35971.33963103659, -12190.122682478646, -33070.57483963457, -38915.387882264105, -54249.64979298796, -35562.09046699496, -13558.646342324271, -27918.551264714184, -7229.446304998577, -37998.43560325305, -3813.7928879019505, -29446.742630027635, -56237.52844544182, -51182.128275626594, -39601.05253345781, -22904.8986137199, -40805.01680948172, -6259.60916536712, -48558.2563603686, -45372.70348702037, -29978.64077432424, -53379.514021700954, -2220.6463363786147, -35812.47789054727, -37527.84866604988, -11590.637556110296, -47398.77750160899, -33136.48064639111, -27228.53582045586, -17533.058229257047, -6043.714638039483, -14306.375228494015, -24531.47859136923, -7284.081703322407, -6934.738734842594, -39686.9780636605, -22568.10015266014, -43911.37360985349, -43039.27718093702, -43856.24716510669, -45404.41315814123]
Episode  45 Counter({5: 13})
[-3332.727330790552, -32857.34955781925, -29926.948727442945, -29889.201004453804, -35971.33963103659, -12190.122682478646, -33070.57483963457, -38915.387882264105, -54249.64979298796, -35562.09046699496, -13558.646342324271, -27918.551264714184, -7229.446304998577, -37998.43560325305, -3813.7928879019505, -29446.742630027635, -56237.52844544182, -51182.128275626594, -39601.05253345781, -22904.8986137199, -40805.01680948172, -6259.60916536712, -48558.2563603686, -45372.70348702037, -29978.64077432424, -53379.514021700954, -2220.6463363786147, -35812.47789054727, -37527.84866604988, -11590.637556110296, -47398.77750160899, -33136.48064639111, -27228.53582045586, -17533.058229257047, -6043.714638039483, -14306.375228494015, -24531.47859136923, -7284.081703322407, -6934.738734842594, -39686.9780636605, -22568.10015266014, -43911.37360985349, -43039.27718093702, -43856.24716510669, -45404.41315814123, -45426.21529279993]
Episode  46 Counter({5: 13})
[-3332.727330790552, -32857.34955781925, -29926.948727442945, -29889.201004453804, -35971.33963103659, -12190.122682478646, -33070.57483963457, -38915.387882264105, -54249.64979298796, -35562.09046699496, -13558.646342324271, -27918.551264714184, -7229.446304998577, -37998.43560325305, -3813.7928879019505, -29446.742630027635, -56237.52844544182, -51182.128275626594, -39601.05253345781, -22904.8986137199, -40805.01680948172, -6259.60916536712, -48558.2563603686, -45372.70348702037, -29978.64077432424, -53379.514021700954, -2220.6463363786147, -35812.47789054727, -37527.84866604988, -11590.637556110296, -47398.77750160899, -33136.48064639111, -27228.53582045586, -17533.058229257047, -6043.714638039483, -14306.375228494015, -24531.47859136923, -7284.081703322407, -6934.738734842594, -39686.9780636605, -22568.10015266014, -43911.37360985349, -43039.27718093702, -43856.24716510669, -45404.41315814123, -45426.21529279993, -30389.908538043175]
