Using good policy maddpg and adv policy maddpg
Starting iterations...
Episode  0 Counter({5: 13})
[-2333.2407297431923, -3330.5308867723056, -4277.160166591615, -4819.598224367515, -5199.790372274541, -8532.13491947488, -4761.834895268978, 279.0, 279.0, 279.0, 279.0, 279.0, 279.0]
Episode  1 Counter({5: 13})
[-4614.544315126175, -2066.915168145513, -6641.043369665303, -4274.292832490822, -5307.769219189341, -3030.2210397644744, -3315.6363481873027, 311, 311, 311, -1405, 311, 311]
Episode  2 Counter({5: 13})
[-2893.762768883011, -3707.4311744058227, -4353.05005324399, -2778.25127772197, -2872.349806691188, -8143.190824297126, -3330.367490453997, 268, 268, 268, 268, 268, 268]
Episode  3 Counter({5: 13})
[-5041.775563385459, -4175.826273879759, -5996.210435527988, -4262.699274095418, -2046.6673766474805, -4253.5459152630565, -3434.5435295726306, 312, 312, 312, 312, 312, 312]
Episode  4 Counter({3: 13})
[-289.46789558655644, -319.1165323848422, -285.61769025790255, -504.10112847075044, -453.36846037001527, -594.4156257327014, -422.2060193489436, 48, 48, 48, 48, 48, 48]
Episode  5 Counter({5: 13})
[-3928.3719510314995, -3758.0158078487952, -4569.217322969216, -3101.365952576736, -2109.236934329366, -8440.931800171866, -3188.8903341345103, 278, 278, 278, 278, 278, 278]
Episode  6 Counter({5: 13})
[-2324.2192613876387, -1620.7490290751284, -3461.1727664819223, -4099.235105627718, -3147.149988168702, -5506.505505280145, -3350.97475963976, 271, 271, 271, -1631, 271, 271]
Episode  7 Counter({3: 13})
[-835.0155917616286, -406.868209338599, -491.42854775330875, -1275.4734918548702, -1095.8721897128848, -908.7911240120286, -1258.3103990389632, 84, 84, 84, 84, 84, 84]
Episode  8 Counter({5: 13})
[-2718.164309786104, -2073.5352672502177, -3013.049294167616, -4002.56598950757, -4610.711934763673, -6028.819023548218, -3544.0698064412445, 270, 270, 270, 270, 270, 270]
Episode  9 Counter({5: 13})
[-2637.4388917209067, -3593.867261565484, -5263.676404299876, -4224.5998156772175, -4811.658670704459, -7945.725613154951, -4130.572661591269, 301, 301, 301, 301, 301, 301]
Episode  10 Counter({3: 13})
[-421.3409917918139, -344.49046686928773, -232.23335996746047, -373.48660342177243, -472.67425802805576, -548.8093846957458, -452.30808761164843, 42, 42, 42, 42, 42, 42]
Episode  11 Counter({5: 13})
[-2735.135011112102, -2262.283571317282, -3200.0104218604547, -3835.384930325774, -3195.5414685126043, -7753.17966526467, -3527.369950321061, 270, 270, 270, -2531, 270, 270]
Episode  12 Counter({5: 13})
[-2229.4376559601915, -2499.361060926549, -4595.710315115088, -5071.1475295944865, -1378.199602125033, -6259.986242150162, -4579.310783652737, 283, 283, 283, 283, 283, 283]
Episode  13 Counter({5: 13})
[-3609.936902581674, -2178.8393371397106, -3437.5535358313023, -3328.9244187284594, -5457.715405962567, -2832.6865307912785, -1838.152441980466, 269, 269, 269, -641, 269, 269]
Episode  14 Counter({5: 13})
[-2188.9316613970027, -4743.63487586215, -5226.626093123742, -4383.2106049645845, -5490.144007597879, -9422.057974181127, -5532.057629695041, 301, 301, 301, 135, 301, 301]
Episode  15 Counter({5: 13})
[-4895.254286609076, -3503.157522740895, -5477.726393135846, -5754.683831445575, -8033.6721348153615, -10238.432106759965, -4257.304260294411, 318, 318, -2049, -4653, 318, 318]
Episode  16 Counter({5: 13})
[-3182.585027152061, -3298.2883950154505, -2986.7443214421437, -3617.918197254905, -1654.2576482831628, -7367.624339424299, -1535.9851279944721, 264, 264, 264, 264, 264, 264]
Episode  17 Counter({5: 13})
[-4308.833491876971, -3355.4163601172154, -3869.59811608979, -5800.041611857571, -2824.004472497448, -8779.332023996869, -4146.430640592944, 292, 292, 292, 292, 292, 292]
Episode  18 Counter({5: 13})
[-1491.82667638019, -2577.6209455935605, -3498.2141537540074, -1540.9707361196922, -4412.157906757167, -1700.4101440780018, -3649.9181660598324, 299, 299, 299, 299, 299, 299]
Episode  19 Counter({5: 13})
[-3176.3229867960213, -1813.5915371191265, -3295.177509530655, -3853.7491054222646, -3564.207751972327, -2173.1513668802995, -3406.5513149458616, 275, 275, 275, -2619, 275, 275]
Episode  20 Counter({5: 13})
[-4105.885532400855, -3981.0735704503277, -4936.701909386394, -3471.2804514058903, -2639.8160616250134, -5903.758592307306, -3326.313388159214, 289, 289, 289, 289, 289, 289]
Episode  21 Counter({5: 13})
[-3427.2937256020514, -2334.530112217942, -3960.00234004374, -5364.580582637039, -2593.929197368576, -5924.882922083643, -4561.379195430917, 283, 283, 283, -224, 283, 283]
Episode  22 Counter({3: 13})
[-379.54326454371727, -563.4041028932052, -340.653973466537, -899.3892077363512, -594.7283472671996, -744.3305647185538, -683.4794989618598, 62, 62, 62, 62, 62, 62]
Episode  23 Counter({5: 13})
[-2379.9021483744646, -5751.705055890824, -5900.614288396595, -4283.071383246721, -5426.415357773141, -8417.594412973407, -5795.943555396868, 310, 310, 310, -1561, 310, 310]
Episode  24 Counter({5: 13})
[-5595.8266099596185, -4374.025773466894, -4191.96337431515, -7436.019347732037, -1539.3827902128726, -8988.855322526133, -2456.090507271442, 311, 311, -1374, 311, 311, 311]
Episode  25 Counter({5: 13})
[-4255.59358429845, -3180.018519313183, -5034.03287299515, -6238.260471652858, -4546.611478674063, -4460.968997489476, -5163.764195913195, 316, 316, 316, 316, 316, 316]
Episode  26 Counter({5: 13})
[-3665.806090655763, -2590.266982099382, -3098.035010869065, -3107.103442847456, -2966.5929591723593, -1888.7759271533266, -4581.83764800297, 283, 283, 283, 283, 283, 283]
Episode  27 Counter({3: 13})
[-664.8572955392684, -633.2495863849932, -553.7797511048258, -781.0636625634161, -403.70280244805895, -1067.1526858450452, -888.1928602042418, 70, 70, 70, 70, 70, 70]
Episode  28 Counter({5: 13})
[-2846.974063222933, -4797.912268683656, -6267.145143303333, -4367.525763312681, -3180.02266640496, -5990.983301921359, -3366.1077611856686, 315, 315, 315, 315, 315, 315]
Episode  29 Counter({5: 13})
[-2488.0499857322384, -2080.7337935058968, -3138.0067021096265, -3261.5754293358837, -1738.338742991549, -2256.6887004331734, -2400.7364318397495, 269, 269, 269, 269, 269, 269]
Episode  30 Counter({5: 13})
[-1335.1356955733395, -3343.0754891646634, -3397.9678773389555, -3984.7000722850876, -4352.024315864885, -5081.73040965012, -4438.658398210331, 264, 264, 264, -491, 264, 264]
Episode  31 Counter({5: 13})
[-5219.8437356449285, -5806.833047684619, -5370.260901953984, -5400.460379931972, -1955.1099441026445, -9841.6433875086, -2834.973630736456, 308, 308, 308, 308, 308, 308]
Episode  32 Counter({5: 13})
[-4260.5538847268335, -3611.4996227880247, -3468.972888241342, -5606.28065428508, -2542.0986127393717, -9309.913399030504, -5133.9479708712615, 304, 304, 304, 304, 304, 304]
Episode  33 Counter({5: 13})
[-1339.9092057209548, -3409.9968674215347, -3898.512355622959, -8053.650399264054, -7517.751454004503, -5826.803278952548, -5826.187803732273, 305, 305, 305, -4077, 305, 305]
Episode  34 Counter({3: 13})
[-901.1763625206451, -1174.6584544387376, -1264.2351546790094, -1549.473390222362, -1069.8933928811073, -2302.044700675476, -692.7217778568001, 132, 132, 132, 132, 132, 132]
Episode  35 Counter({3: 13})
[-736.2689441669904, -862.9026362459538, -685.1403805493272, -1679.568645945883, -646.8087197926116, -2004.2399990245885, -1521.147201287672, 100, 100, 100, 100, 100, 100]
Episode  36 Counter({5: 13})
[-2121.0635459746886, -4124.374086045936, -4891.513250585724, -5687.890170458723, -4219.273096203928, -10737.091365089094, -4171.891693558213, 312, 312, 312, -4256, 312, 312]
Episode  37 Counter({3: 13})
[-1143.3687300441877, -1031.2095153875625, -940.5567964242844, -1322.7496103676624, -1695.9755087932099, -3210.3692265349464, -1576.6870884324717, 126, 126, 126, 126, 126, 126]
Episode  38 Counter({5: 13})
[-4329.144971338342, -2664.3678332722448, -4483.6966515063095, -7030.1456033669565, -4016.317985947718, -8995.635209443459, -4034.085861458481, 308, 308, 308, -3919, 308, 308]
Episode  39 Counter({5: 13})
[-2796.362733837769, -3443.7666836008348, -3961.996975150744, -2665.145622268625, -2943.3442115053117, -7324.284782136332, -3018.0472182335693, 281, 281, 281, -1063, 281, 281]
Episode  40 Counter({5: 13})
[-3095.6033611810967, -3133.7872997478794, -4345.13843516714, -2534.2537570159307, -3882.3819335740345, -5850.144554490425, -2877.4621460941967, 265, 265, 265, 265, 265, 265]
Episode  41 Counter({5: 13})
[-2578.4524694098764, -2714.704844904064, -2329.4039109423193, -3371.5950004263823, -2011.9773323615532, -1366.723494679445, -2330.225930771712, 266, 266, 266, -427, 266, 266]
Episode  42 Counter({5: 13})
[-4634.0898999409965, -4574.691655918085, -5126.410185206477, -4851.097032874884, -2479.175981083617, -10056.671362133759, -4368.294761177509, 315, 315, 315, 315, 315, 315]
Episode  43 Counter({5: 13})
[-2408.990370689115, -2921.6533662982824, -2582.1662262620866, -3454.7910893458184, -3590.909133207334, -7778.144214282679, -4410.037323917993, 261, 261, 261, 261, 261, 261]
Episode  44 Counter({5: 13})
[-4258.456165308166, -3684.620123038778, -4175.9328279894335, -4543.667215137551, -2429.3911821682477, -4668.001840086917, -2782.0437640332657, 279, 279, 279, 279, 279, 279]
Episode  45 Counter({5: 13})
[-3491.846090532054, -3783.950168869789, -4248.936012374346, -5885.190456501884, -3736.76260760236, -5624.814150519483, -4835.641795069804, 302, 302, 302, -2933, 302, 302]
Episode  46 Counter({5: 13})
[-4059.756061603342, -3017.379165564474, -2994.423424781543, -4615.758857307678, -1648.8102352700778, -6777.560526681231, -2842.3224102387003, 286, 286, 286, -841, 286, 286]
Episode  47 Counter({3: 13})
[-1327.4139809328915, -1076.2277330712582, -1683.0986352354105, -1902.295994813351, -2135.4062501997028, -4026.538040560924, -1487.9121903773478, 156, 156, 156, 156, 156, 156]
Episode  48 Counter({5: 13})
[-5223.992512218279, -3670.3571793389897, -4633.009844161344, -5717.3321170625995, -2488.6172902630415, -6847.1542840285965, -5608.631340073502, 310, 310, 310, 310, 310, 310]
Episode  49 Counter({5: 13})
[-3927.1524848535005, -3031.2898210074936, -4165.757876410236, -5570.677018721845, -4184.194884230651, -4580.138977794007, -3897.6704312784696, 281, 281, 281, -3140, 281, 281]
Episode  50 Counter({5: 13})
[-4780.8171507212855, -3948.6514872322336, -5614.432536842406, -2151.2304506385694, -3136.237119290113, -4408.761493514054, -3356.5685814641015, 309, 309, 309, 309, 309, 309]
Episode  51 Counter({3: 13})
[-585.6092960305344, -544.4929217105332, -554.4889421243028, -1445.3867095723565, -890.5720752247149, -1026.0643155534042, -1015.6997641090231, 92, 92, 92, 92, 92, 92]
Episode  52 Counter({5: 13})
[-5242.497837851479, -1948.044732965284, -4837.53972653884, -3630.0969635809765, -4259.642676831702, -7596.921684738684, -2521.36649250807, 320, 320, -1303, -2388, 320, 320]
Episode  53 Counter({5: 13})
[-2472.990525877906, -2777.654730918323, -4066.1210739866688, -4534.084482114378, -1898.0265531295954, -7301.18208205793, -3197.2806959474424, 267, 267, 267, 267, 267, 267]
Episode  54 Counter({3: 12, 2: 1})
[-786.1246900160774, -806.886799525651, -1289.0401261937009, -2325.6755023945975, -2452.6402785840364, -1435.0231229167446, -2463.1063776397145, 170, 170, 170, -399, 170, 170]
Episode  55 Counter({5: 13})
[-3049.390613468998, -2352.642557482869, -3617.0144607053558, -4080.142595077319, -3874.543146175078, -6523.5576515071525, -2819.049584682743, 268, 268, 268, 268, 268, 268]
Episode  56 Counter({5: 13})
[-4708.851630068572, -4660.884292133341, -6120.979926000754, -4271.753437764837, -4881.676407772507, -9138.518236804872, -3606.47296685514, 316, 316, 316, 316, 316, 316]
Episode  57 Counter({5: 13})
[-4487.110179976237, -1869.7870953517988, -4159.154772996244, -6633.040222474469, -3277.1805012105797, -6524.459571939644, -3123.5694079048435, 306, -1255, -139, 306, 306, 306]
Episode  58 Counter({5: 13})
[-4103.258501842328, -3767.9992227865605, -4314.745612010298, -3880.2765468512366, -5681.919312419197, -9245.502933053234, -2091.6931277472404, 295, 295, -1142, 295, 295, 295]
Episode  59 Counter({5: 13})
[-3825.6601371227866, -2363.016009238922, -4028.2808444632547, -2859.8875781259835, -2526.002252599573, -5869.663832389533, -2430.5050818883633, 282, 282, -566, 282, 282, 282]
Episode  60 Counter({5: 13})
[-3728.2822072840527, -2629.273446746785, -3145.8509162311766, -4675.364333295604, -2303.8860706237306, -4153.900105528397, -3657.0182839460113, 285, 285, 285, -501, 285, 285]
Episode  61 Counter({5: 13})
[-4236.036425401138, -3723.5299330853727, -4877.079861688983, -3731.0793052101394, -2535.2896703616466, -6457.160233644447, -2054.036864183912, 291, 291, 291, 291, 291, 291]
Episode  62 Counter({5: 13})
[-3001.67671496497, -2436.672460040654, -2746.059307682441, -6740.991601229195, -6238.23348426305, -4699.814649425944, -5156.077531573419, 269, 269, 269, -2160, 269, 269]
Episode  63 Counter({5: 13})
[-3485.8004886325643, -1684.485001682221, -2956.679709007981, -3360.941981937918, -2845.3229597177237, -3149.8119679805204, -2830.0887473770977, 269, 269, 269, 269, 269, 269]
Episode  64 Counter({5: 13})
[-2544.2998914613077, -3247.78740650754, -4082.022443797041, -2064.1028914030744, -1542.8075356828667, -5916.858883250665, -1999.0236465275764, 262, 262, 262, 262, 262, 262]
Episode  65 Counter({5: 13})
[-4420.40707154032, -4766.870814417777, -5258.447090127563, -6904.092953775829, -2405.488190371749, -8924.388997866328, -4039.8461731331927, 296, 296, 296, -769, 296, 296]
Episode  66 Counter({5: 13})
[-2819.2190715667975, -4668.913765942416, -5442.6106699814845, -6389.4305812226885, -1163.8271282801265, -5909.331631470765, -4989.693092939821, -1463, 315, -2176, 315, 315, 315]
Episode  67 Counter({3: 13})
[-822.0955349492582, -866.960158952747, -857.1116426400662, -1704.8382636371284, -1073.9151818510616, -1589.2988705350608, -1303.1740862684373, 108, 108, 108, 108, 108, 108]
Episode  68 Counter({5: 13})
[-4913.304460991208, -3923.0369317734503, -4092.193633620259, -6207.704540006684, -9215.122323095244, -5802.152071169485, -5737.309616598752, 307, 307, -541, -2866, 307, 307]
Episode  69 Counter({5: 13})
[-3248.821368123024, -2162.3434283100455, -2558.1654645156154, -4145.933358506214, -2511.923129814074, -4043.7316361144194, -2732.761960124233, 268, 268, 268, 268, 268, 268]
Episode  70 Counter({3: 13})
[-609.1830517853296, -439.4089172267469, -371.9174264966548, -652.8774028652806, -854.3096851652433, -985.9884380756184, -752.869164558301, 57, 57, 57, 57, 57, 57]
Episode  71 Counter({3: 13})
[-478.90981123811036, -258.28174233830896, -234.31554348804607, -602.9831856362914, -517.2885975871006, -724.7870730380955, -549.0027260307851, 39, 39, 39, 39, 39, 39]
Episode  72 Counter({5: 13})
[-3372.2485248678736, -4708.633651631444, -5208.590744959927, -2391.157130039144, -3666.1256106392893, -7279.857063698976, -2776.4617408552285, -59, 293, 293, 293, 293, 293]
Episode  73 Counter({5: 13})
[-4764.9633489174375, -1426.059780643748, -4401.428626896805, -7041.512609045532, -5944.2843459979285, -4138.276469239398, -5473.227840704645, 299, 299, 299, -2533, 299, 299]
Episode  74 Counter({5: 13})
[-4311.011094141831, -2529.5394831166354, -4736.764953715101, -3911.5076224182267, -4921.6036044965795, -7216.371256694984, -2652.322897270613, 282, 282, -628, -1837, 282, 282]
Episode  75 Counter({5: 13})
[-4162.099845204085, -4684.434550874622, -5641.7955465837795, -3884.123912355268, -1913.3113967007964, -6940.45762905054, -4063.6961465976165, 278, 278, 278, 278, 278, 278]
Episode  76 Counter({5: 13})
[-4549.66762577606, -3206.501827780332, -4478.496152885184, -5315.868735538819, -4842.022320611397, -3120.5455184399466, -5930.524107074785, 316, 316, 316, 316, 316, 316]
Episode  77 Counter({3: 13})
[-875.9715370063694, -1227.3864084682496, -2510.0178461510195, -1093.6936743340887, -2548.1907282169273, -936.2915383350438, -2515.265596205307, 215, 215, 215, 215, 215, 215]
Episode  78 Counter({5: 13})
[-3894.3275850941245, -3462.4823212700767, -4114.545042343702, -2771.540706482702, -4407.232422434074, -8643.846469117481, -2376.8597999100366, 293, 293, 293, 293, 293, 293]
Episode  79 Counter({5: 13})
[-3875.727212342427, -2497.7454886978458, -4469.98192405605, -3732.424069923181, -6270.774453188212, -6628.808171689258, -1578.2954895660048, 297, 297, -1326, 297, 297, 297]
Episode  80 Counter({5: 13})
[-3392.463419181626, -2921.5409478948054, -3198.381283892728, -5389.068354429726, -3270.757409228317, -6565.283568029556, -4902.15899300355, 276, 276, 276, -1781, 276, 276]
Episode  81 Counter({5: 13})
[-5049.546102595945, -5508.40503581934, -3912.376520394484, -4331.175434546426, -2463.17676801766, -9192.603360094276, -2607.3172266177116, 307, 307, -76, 307, 307, 307]
Episode  82 Counter({5: 13})
[-4039.3715927763637, -3212.8609070742455, -1824.1563096954849, -4898.186058867683, -1493.8405723717676, -6304.759141876184, -3168.0188493229903, 285, 285, 285, 285, 285, 285]
Episode  83 Counter({5: 13})
[-4498.782811678978, -2545.658287000403, -4365.353561890025, -3268.5110442996684, -4422.796943089396, -3792.831892519512, -2272.090829146229, 308, 308, 308, -1532, 308, 308]
Episode  84 Counter({5: 13})
[-3862.060200458157, -3841.28457800931, -5070.139394886667, -4420.616851282215, -2084.6574597011263, -7805.675120354556, -3978.944889699569, 296, 296, 296, 296, 296, 296]
Episode  85 Counter({3: 13})
[-760.064833689477, -517.2962427681141, -412.6645442405127, -672.4503627366884, -911.6073346815833, -1381.4168036317074, -854.5658075744166, 77, 77, 77, 77, 77, 77]
Episode  86 Counter({5: 13})
[-3636.7433523178843, -2703.0862799993083, -3340.716238830503, -6177.088079819724, -3633.3986279464634, -7942.220109212146, -2787.5768692224915, 278, 278, 205, -1500, 278, 278]
Episode  87 Counter({5: 13})
[-2543.899224696588, -2228.048869952534, -3170.271452046455, -5398.220778905246, -3069.3295385745414, -4928.144311886965, -4245.463198422114, 266, 266, 266, 266, 266, 266]
Episode  88 Counter({5: 13})
[-3641.9888097558232, -2442.3131918379477, -3358.817560667015, -4440.599128804639, -2798.293773688995, -2561.615732945662, -3235.75838289939, 280, 280, 280, 280, 280, 280]
Episode  89 Counter({5: 13})
[-5054.699812803512, -4945.035430276839, -3702.0092495587173, -6752.477611344046, -2108.020092238211, -9779.393612810181, -5137.125618133405, 311, 311, 311, 311, 311, 311]
Episode  90 Counter({5: 13})
[-4492.412276667335, -5035.606702369934, -6364.154885557771, -5251.802532959226, -1607.7309315119235, -8262.423002193393, -3511.767944871497, 318, 318, 318, 318, 318, 318]
Episode  91 Counter({3: 13})
[-828.2894941733839, -931.2340801624616, -1414.750729669715, -1795.8053054441848, -821.2958836397821, -1805.6233451778035, -1427.0796072003777, 143, 143, 143, 143, 143, 143]
Episode  92 Counter({5: 13})
[-4154.076330280079, -2733.4503011422744, -4334.035846859986, -4573.621816644403, -3015.975107496956, -8228.01170650859, -2570.004283714351, 277, 277, -230, 277, 277, 277]
Episode  93 Counter({5: 13})
[-3895.523823373646, -1679.4368982631506, -4178.219565676345, -3146.1228602463034, -4360.037850865231, -6018.451802826963, -2200.3412342470756, 281, 281, -71, -2334, 281, 281]
Episode  94 Counter({5: 13})
[-4504.415914547071, -2290.8590280356757, -4192.706330820009, -3095.040862168142, -1524.0413984470185, -4288.9665092621735, -2535.907590359196, 282, 282, 282, 282, 282, 282]
Episode  95 Counter({5: 13})
[-3950.254098896081, -4905.8724078949535, -4541.653865911476, -4275.429286361421, -4555.610788127476, -10556.048515316621, -4520.462988689804, 314, 314, -782, -2952, 314, 314]
Episode  96 Counter({5: 13})
[-4377.497781441603, -3803.0326237309805, -4635.683244843938, -4523.587014739539, -1824.8689813513308, -6978.3709770325795, -3727.9990286859866, 306, 306, 264, -1069, 306, 306]
Episode  97 Counter({3: 13})
[-671.8198587510092, -648.1002759661451, -770.8621564602007, -1384.5538760172503, -788.1558226122982, -1205.2637885543118, -1007.4965353888417, 86, 86, 86, 86, 86, 86]
Episode  98 Counter({5: 13})
[-4104.523015808178, -4745.948879163733, -5619.808340403877, -5514.991766495239, -7013.307535299987, -10159.734440231594, -4309.893454715946, 309, 309, -1407, 309, 309, 309]
Episode  99 Counter({4: 11, 2: 2})
[-3719.3014341036733, -3362.475803406635, -4172.836939458159, -4706.328915579922, -1180.4107197960197, -7830.859169788965, -4280.472998606263, 228, 228, 228, -1705, 228, 217]
Episode  100 Counter({5: 13})
[-2110.8769053074375, -3729.9435738342113, -4373.2547140611905, -4135.98889115393, -4503.928417189112, -8348.388215085857, -4625.5747487445, 280, 280, 280, -2986, 280, 280]
Episode  101 Counter({3: 13})
[-294.5620886375886, -340.5392282683953, -172.33680872463543, -324.6103545484736, -310.32168486497295, -292.01744788509734, -332.3527925573719, 39, 39, 39, 39, 39, 39]
Episode  102 Counter({4: 12, 2: 1})
[-3498.2774516183595, -4793.645318637026, -6422.48748007615, -5592.610750019918, -1762.0842831432146, -7948.329622409806, -5189.599337339627, 269, 269, 269, 269, 269, 258]
Episode  103 Counter({5: 13})
[-3971.18940769458, -4184.785545596, -4913.8928540756715, -6818.3913221627045, -3898.1684341813816, -10266.888901741198, -5906.546275217334, 318, 318, -2111, -3785, 318, 318]
Episode  104 Counter({5: 13})
[-4053.9556341409548, -2345.027555650826, -3765.574359446489, -4213.802775198148, -4289.945581312528, -3465.59275670481, -3126.0801231083215, 299, 299, 299, -3060, 299, 299]
Episode  105 Counter({5: 13})
[-4427.457611254401, -3889.7560910406055, -2678.2276462818927, -6112.288114100862, -2718.0746130800944, -6910.853668006451, -4567.582596197107, 288, 288, 288, -1428, 288, 288]
Episode  106 Counter({5: 13})
[-1921.5803797582423, -5238.024488435536, -4985.6000084239895, -3566.109192784218, -5596.680311072175, -10150.811313718756, -5419.458856895451, 300, 300, 300, -2501, 300, 300]
Episode  107 Counter({5: 13})
[-5211.1783281015105, -3321.040271530997, -4783.117543021432, -6914.004038174942, -2854.6013613776317, -9044.672400661162, -4536.190112651544, 310, -1282, 310, 310, 310, 310]
Episode  108 Counter({5: 13})
[-2704.9884887776807, -2403.370872776814, -3921.341613096979, -3270.988732095169, -2223.5455711571876, -5746.846796944892, -2717.453833833466, 292, 292, 292, 292, 292, 292]
Episode  109 Counter({3: 13})
[-745.2865425443671, -834.0924387764051, -827.0855274133005, -1838.866490104752, -1178.9500323221755, -2010.0912971189555, -1077.1360026153372, 104, 104, 104, 104, 104, 104]
Episode  110 Counter({5: 13})
[-4358.511074416553, -4116.284243142045, -5387.19971499927, -7447.370910338086, -2509.5591007892826, -6969.6662806474815, -3833.099097733264, 314, 314, 314, 314, 314, 314]
Episode  111 Counter({5: 13})
[-4294.323394608392, -2074.4948590675676, -3645.7066661196654, -3734.5612691920282, -3083.6060536477, -2455.057229277562, -5015.676343572686, 284, 284, 284, 284, 284, 284]
Episode  112 Counter({5: 13})
[-1878.2200538201062, -3236.2328282192166, -4848.76063043673, -5247.37338209737, -5198.3842324000125, -9433.198851169416, -5550.754650451328, 311, 311, 311, -3637, 311, 311]
Episode  113 Counter({5: 13})
[-2589.8295291533495, -3223.1351121603243, -4729.165659795715, -4068.006212694748, -1974.655918197722, -5249.967051506741, -2938.3279615570777, 307, 307, 307, -4292, 307, 307]
Episode  114 Counter({5: 13})
[-3597.8373725897663, -3453.4233131974706, -4307.687949773477, -4976.492181089968, -2467.166054094208, -8458.203898695356, -2966.518477612095, 286, 286, 286, 286, 286, 286]
Episode  115 Counter({5: 13})
[-4587.561310689396, -2235.5875282134307, -3866.5355516771447, -1688.3681753361298, -2338.913292006822, -2972.625707119648, -2098.9752507318435, 286, 286, 286, 286, 286, 286]
Episode  116 Counter({5: 13})
[-3225.7698489540417, -5128.711652944321, -5717.871094775568, -5075.375620068728, -6922.216277315179, -11015.139372851278, -5082.410697630596, 317, 317, 317, 317, 317, 317]
Episode  117 Counter({5: 13})
[-3675.6746760920146, -2798.4417051100527, -3925.2857080439003, -5766.752145241651, -2450.973729436164, -2993.706366679621, -4538.729020506427, 301, 301, 301, 301, 301, 301]
Episode  118 Counter({5: 13})
[-3781.3240688586625, -2451.1079295284685, -4930.533754744489, -5426.330344784026, -3037.156986068046, -6232.5670589742285, -5487.428467976204, 295, 295, 295, -367, 295, 295]
Episode  119 Counter({5: 13})
[-3982.617253670523, -3738.8890492058904, -3238.7885234766554, -4743.0968734384405, -1272.024960279497, -7330.6240872106155, -2046.7370516965702, 284, 284, 284, 284, 284, 284]
Episode  120 Counter({3: 13})
[-230.73626693369465, -330.859370016669, -543.594494604048, -427.0926695508926, -479.63929191730034, -751.5547636294696, -454.9721828470713, 40, 40, 40, 40, 40, 40]
Episode  121 Counter({5: 13})
[-3495.327662904609, -3384.418814149479, -3621.3316178445093, -3370.2133139182615, -3146.144575185858, -6780.904173635141, -2695.1435319063085, 271, 271, 271, -2437, 271, 271]
Episode  122 Counter({3: 13})
[-283.61342573651945, -283.1659309023949, -402.5504566556353, -486.9592278927373, -442.0073042095474, -706.962888777403, -460.41476353901555, 55, 55, 55, 55, 55, 55]
Episode  123 Counter({5: 13})
[-2825.1251913480432, -3178.4371047914065, -5053.718999154755, -3176.958315626775, -4032.112676558017, -7785.866407521834, -2750.795875135278, 282, 282, -163, -2891, 282, 282]
Episode  124 Counter({5: 13})
[-4767.780099702629, -1509.4133667110757, -4126.725440092963, -3358.134063605906, -4799.376154953698, -5827.7184490454565, -1818.8415056924434, 302, 302, -794, -1817, 302, 302]
Episode  125 Counter({5: 13})
[-3770.5846146035947, -2267.5003200230867, -4783.678494050571, -2424.691820760835, -4566.703334793752, -4028.215058792104, -1319.74248528526, 269, 269, -52, -1881, 269, 269]
Episode  126 Counter({5: 13})
[-3813.0180312982257, -3867.3230495356684, -5306.384404539587, -4665.341600416837, -3408.7840171870967, -9023.511135727642, -3999.307253692696, 298, 298, 298, 298, 298, 298]
Episode  127 Counter({5: 13})
[-3713.5468686931863, -3811.2540977361377, -4405.635059061048, -5112.28928416988, -1193.9518971349369, -6750.155379340021, -3621.46813612169, 267, 267, 267, 163, 267, 267]
Episode  128 Counter({3: 13})
[-414.18457205995674, -354.9026912259286, -243.99931504961816, -450.65181924706104, -437.8740780318924, -714.1673193724338, -460.27236254832366, 37, 37, 37, 37, 37, 37]
Episode  129 Counter({5: 13})
[-2742.682109204306, -2600.6019853489747, -2876.431712348745, -3705.0358797450112, -2466.8362415170527, -6176.527315296638, -3354.2732668341805, 272, 272, 272, 272, 272, 272]
Episode  130 Counter({5: 13})
[-3052.3979034493627, -2770.2273894366604, -4644.794737180085, -4335.408925189842, -7756.470486192602, -6654.123886403551, -3607.524507785135, 315, 315, -285, -2765, 315, 315]
Episode  131 Counter({3: 13})
[-762.1554255970487, -674.3666674379442, -596.0977344882061, -1495.4523284560169, -1337.5221144065217, -1329.9215520851315, -1027.131287391794, 97, 97, 97, 97, 97, 97]
Episode  132 Counter({5: 13})
[-2819.2964117289252, -2523.7523276816073, -3917.80157810755, -3017.1325391040814, -1963.9852786586841, -4731.204608634343, -2190.992909005016, 271, 271, 271, 271, 271, 271]
Episode  133 Counter({5: 13})
[-3550.0270379676035, -4010.9417387145872, -3628.455287774992, -4019.239362083884, -3896.768234207402, -6316.239009745512, -4537.5164182895005, 277, 277, 277, -447, 277, 277]
Episode  134 Counter({3: 13})
[-390.8586289480318, -492.00194267308495, -257.03556873425697, -423.5604961569077, -517.3115857765982, -512.4249779229928, -416.5950189600244, 43, 43, 43, 43, 43, 43]
Episode  135 Counter({5: 13})
[-5002.814170648699, -5197.602268271121, -4965.132283527155, -6614.72461098672, -2241.2864367550214, -8874.795426989802, -4007.044926242845, 312, 312, 239, -1559, 312, 312]
Episode  136 Counter({5: 13})
[-4453.585575827359, -3835.0649806702454, -5145.883321615819, -5475.292168727502, -1754.161414068771, -6168.663113153669, -3130.7354449890277, 300, 300, 300, 300, 300, 300]
Episode  137 Counter({5: 13})
[-2545.906412882217, -1842.098448641169, -3244.629470449085, -4609.584198622943, -4086.198122263897, -6427.970408391465, -4166.406628565504, 274, 274, 274, -1163, 274, 274]
Episode  138 Counter({5: 13})
[-1798.046191536999, -2162.861678259488, -4093.35976860296, -4786.435104356961, -4448.30927863215, -3486.268598866945, -4223.978098571388, 290, 290, 290, -3906, 290, 290]
Episode  139 Counter({5: 13})
[-2100.7253958364463, -3366.733413987372, -3477.148955162569, -4131.578445471947, -1977.5540896711466, -3740.231399689434, -3380.5566334459986, 53, 281, -40, 146, 281, 281]
Episode  140 Counter({5: 13})
[-2694.443168384655, -3152.8021267986646, -3282.681532183505, -4432.66956662593, -4341.937018357503, -8584.35081653187, -4343.502146290973, 283, 283, 283, -2332, 283, 283]
Episode  141 Counter({5: 13})
[-4438.603766146047, -5041.873166722331, -6209.946034801069, -4228.655482353677, -2160.441905097897, -9851.833491080482, -4408.275951899714, 315, 315, 315, 315, 315, 315]
Episode  142 Counter({3: 13})
[-383.75224949911006, -372.1713110727787, -311.7606663155841, -715.5265621263919, -514.9420192732804, -871.7152320495805, -517.4233665574882, 67, 67, 67, 67, 67, 67]
Episode  143 Counter({5: 13})
[-3234.811030344366, -3541.3841301167, -2849.454642397094, -3650.183933518543, -4813.221407998946, -7532.48593483782, -3954.292497076659, 265, 265, 265, 265, 265, 265]
Episode  144 Counter({5: 13})
[-2577.4422594388593, -2013.8653309275078, -3050.490918843276, -6015.435018997179, -3281.80541612625, -5424.632283277853, -4372.922845840855, 266, 266, -1729, -148, 266, 266]
Episode  145 Counter({5: 13})
[-2094.615796666953, -2798.0309610914237, -3917.3859323604424, -2530.3183445423756, -2268.709414261444, -2636.5180038765893, -2481.856556925039, 272, 272, 272, 137, 272, 272]
Episode  146 Counter({5: 13})
[-4364.3239049491995, -2298.3528185416626, -5305.113747619292, -4420.0723515335185, -2925.242022109342, -3867.1034926562106, -5275.719325724072, 288, 288, 288, -2048, 288, 288]
Episode  147 Counter({3: 13})
[-332.36085202062264, -488.6697521559398, -534.2171807360091, -849.0845432251468, -558.7718866495757, -537.0959663374903, -667.5688623911575, 58, 58, 58, 58, 58, 58]
Episode  148 Counter({5: 13})
[-4196.105551842773, -5139.72781176465, -3425.8972787028706, -4396.496081396427, -2489.74266875687, -8741.85103805081, -5480.056803161866, 160, 295, 295, 295, 295, 295]
Episode  149 Counter({5: 13})
[-3383.3949424572274, -4193.429405874232, -5544.893404111077, -7676.231763541704, -3336.678875443958, -7675.022181750222, -5097.777249729116, 307, 307, 307, 265, 307, 307]
Episode  150 Counter({3: 13})
[-546.8911233236826, -619.5141093746804, -931.5968791580642, -1059.548736961143, -839.9104342071912, -813.4207784159684, -987.896430699581, 75, 75, 75, 75, 75, 75]
Episode  151 Counter({5: 13})
[-3661.791200591719, -3237.948027713758, -3781.8217240942176, -5402.775467154463, -1997.6225968935605, -8097.453061177017, -3675.25777451727, 277, 277, 277, 277, 277, 277]
Episode  152 Counter({5: 13})
[-3743.3793586616257, -2033.3370931988813, -3800.8962721464454, -4622.002436067778, -4453.598686343028, -2978.190292680507, -4175.173070167117, 309, 309, 309, -1004, 309, 309]
Episode  153 Counter({5: 13})
[-3894.787958411851, -3221.691254882885, -4791.1537798968875, -6537.851029211874, -2672.3182151794645, -4470.698750547515, -4341.720277900255, 305, 305, 305, 305, 305, 305]
Episode  154 Counter({5: 13})
[-3295.4088967461516, -2836.333905302946, -4174.2765543840405, -3460.057005848192, -1831.8026144362395, -6733.015911252102, -3091.6508301474737, 280, 280, 280, 280, 280, 280]
Episode  155 Counter({5: 13})
[-2477.3260563962262, -2011.9280113559894, -3076.7160896352675, -3110.017505394433, -3811.84496818986, -7090.091659625765, -3580.946983407098, 264, 264, 264, -2630, 264, 264]
Episode  156 Counter({3: 13})
[-1826.2588569201805, -1465.8490104126317, -2325.193448982569, -1951.276362709909, -696.314842945066, -2505.3809618278033, -1190.9115248494209, 179, 179, 179, 179, 179, 179]
Episode  157 Counter({3: 13})
[-300.0671053129986, -384.237775290839, -195.78901192681613, -438.96884200377883, -344.10509100136545, -416.1364802053293, -403.49250576030346, 30, 30, 30, 30, 30, 30]
Episode  158 Counter({3: 13})
[-555.2036756170919, -662.1127928084244, -496.06754695142763, -987.8450173829874, -756.8517961041933, -1177.493059105536, -1007.790201509311, 75, 75, 75, 75, 75, 75]
Episode  159 Counter({5: 13})
[-4292.657755585782, -3690.159161933518, -4239.543580244936, -4646.287509799431, -1816.7852302267697, -5657.358881673691, -2778.7465000264533, 285, 285, 285, 285, 285, 285]
Episode  160 Counter({5: 13})
[-4593.084266736529, -3917.7099693211558, -4447.5706983263, -5017.501254213151, -4001.709428916135, -6779.889256247616, -4851.2732998376705, 312, 312, -629, -3419, 312, 312]
Episode  161 Counter({5: 13})
[-3809.0613854938697, -3238.2159583132056, -4868.06795213471, -2694.061863817803, -2331.812516360999, -6324.932033491639, -2619.9802227284104, 301, 301, 301, 301, 301, 301]
Episode  162 Counter({5: 13})
[-4161.101166562913, -4892.174461443928, -5194.871546446702, -2004.9810277143642, -3038.485017938244, -11095.535337420331, -5372.175557358956, 310, 310, 310, 310, 310, 310]
Episode  163 Counter({5: 13})
[-2585.3172064704495, -3520.165484968749, -4814.582328127024, -5130.66473114581, -3415.257432497744, -8426.800848709714, -5014.5090594407375, 298, 298, 298, -3061, 298, 298]
Episode  164 Counter({3: 13})
[-316.09645808839866, -308.82264502986015, -256.06273979997826, -395.7957344925469, -398.0357404684313, -799.3385266191107, -406.66051208199804, 46, 46, 46, 46, 46, 46]
Episode  165 Counter({3: 13})
[-363.10074678846104, -379.7501333567006, -300.00638783416645, -600.2111216167399, -416.67693471963696, -698.2366743441063, -599.0658362293877, 56, 56, 56, 56, 56, 56]
Episode  166 Counter({5: 13})
[-2831.4572280289503, -3896.54810699988, -4806.582112720405, -4928.592960955788, -2613.5009612117105, -6682.941832541017, -3931.0846851854803, 290, 290, 290, 290, 290, 290]
Episode  167 Counter({5: 13})
[-4072.3501925361265, -3331.167940990059, -6056.421862098634, -2830.4949573390354, -3819.5791827830894, -3440.3855217856176, -3177.314090654786, 300, 300, 300, 300, 300, 300]
Episode  168 Counter({3: 13})
[-528.7565686601026, -432.40329266442524, -315.73914776883714, -786.0376139290148, -563.3638365147752, -783.8914409871117, -659.2604194143793, 46, 46, 46, 46, 46, 46]
Episode  169 Counter({3: 13})
[-450.65721281417285, -480.026905121001, -979.9913013506822, -960.7162099122223, -798.0224251032125, -806.0071061186701, -957.3954027137906, 63, 63, 63, 63, 63, 63]
Episode  170 Counter({5: 13})
[-3149.1905880289487, -1852.3299466433475, -4067.8566766471085, -4557.306596049505, -2857.336128131315, -2843.844692836204, -4973.483513305844, 271, 271, 271, 271, 271, 271]
Episode  171 Counter({5: 13})
[-2877.8407615250485, -2658.774677289205, -3837.6254283935823, -5278.508188073131, -2272.5695676262167, -4552.252211605928, -3295.243013627647, 269, 269, -362, -1075, 269, 269]
Episode  172 Counter({5: 13})
[-3530.329401467519, -4169.129130872262, -5326.653579271966, -4612.904808202723, -5183.358382432829, -9062.183302388625, -5152.231595611137, 299, 299, 299, -332, 299, 299]
Episode  173 Counter({5: 13})
[-4860.205097370262, -2379.97440928072, -4196.450906692695, -6351.02479008179, -3043.9993357705534, -5177.23897592666, -4172.991598372541, 305, 305, 305, 305, 305, 305]
Episode  174 Counter({5: 13})
[-4689.389994179179, -4128.265778310041, -4318.86966624786, -6854.7213501893, -2255.587461225307, -7936.978027329843, -3887.9828153448702, 299, 299, 299, 299, 299, 299]
Episode  175 Counter({5: 13})
[-3475.5917657377267, -4606.74758698023, -5994.265237415797, -4192.426115260002, -4506.772742347213, -7037.748079072358, -3357.312711176882, 302, 302, 302, 302, 302, 302]
Episode  176 Counter({5: 13})
[-2066.540885176139, -4022.7495571498625, -4835.736704332615, -4764.873385988166, -5336.1730226898735, -8132.131290145459, -5112.425375494994, 288, 288, 288, -3102, 288, 288]
Episode  177 Counter({5: 13})
[-4272.46962922212, -3566.2744393320004, -4915.798948859347, -3811.1264796264986, -5289.214190972392, -5062.235960385382, -4438.666258936158, 312, 312, 312, -753, 312, 312]
Episode  178 Counter({5: 13})
[-4969.780067879451, -5668.87244209899, -5651.499563984305, -5360.582223077153, -2606.1308564650953, -8730.613524867886, -3884.21733469455, 279, 279, 279, 144, 279, 279]
Episode  179 Counter({5: 13})
[-4836.497036826836, -4345.482260431361, -3541.6649410997484, -5994.214888095657, -3060.2249036319604, -7945.952271592269, -3268.775774408129, 283, 283, 283, 283, 283, 283]
Episode  180 Counter({5: 13})
[-2102.8098883903426, -3944.1570244630157, -4834.964089023876, -4282.308082511246, -5122.982777158832, -7997.024455635036, -5642.148828311586, 287, 287, 287, -3444, 287, 287]
Episode  181 Counter({5: 13})
[-2979.338860981532, -3664.1721656644045, -4882.854587938753, -3557.787663128264, -4444.791534934757, -7270.492828417175, -3478.771691789707, 285, 285, 285, 285, 285, 285]
Episode  182 Counter({5: 13})
[-5628.710726258031, -4048.0543103446157, -4484.8319745892695, -3523.633179762202, -2905.2320947507033, -9770.466075740018, -3758.6721623610756, 312, 312, -939, 312, 312, 312]
Episode  183 Counter({5: 13})
[-3881.0434358885036, -2716.3168451177826, -5300.835710929976, -4357.673975050387, -4067.989207651858, -7473.864942493259, -2582.342101082314, 305, 305, -388, -3767, 305, 305]
Episode  184 Counter({5: 13})
[-2869.034475242649, -2404.250643605919, -3956.347837111983, -4285.7498881438505, -4069.326757341585, -7137.624271251054, -3568.3510241698564, 271, 271, 271, -2933, 271, 271]
Episode  185 Counter({5: 13})
[-5332.379947159537, -3240.944313238692, -4001.017777358302, -3307.547084721901, -7303.17391097281, -8420.662013421694, -3641.190960986252, 309, 309, -1686, 309, 309, 309]
Episode  186 Counter({5: 13})
[-3593.478397225222, -4887.462282704232, -5116.376933726142, -5565.941994431285, -2497.426516782173, -7782.2926488859375, -4209.167334831334, 305, 305, 305, 305, 305, 305]
Episode  187 Counter({3: 13})
[-890.5602922104327, -388.44422309271863, -453.13699267217703, -1194.3159734037345, -1254.3025151603485, -1114.9336415765763, -1183.611975784252, 100, 100, 100, 100, 100, 100]
Episode  188 Counter({5: 13})
[-3747.3312479685096, -2520.4989276461642, -2769.653062747591, -3938.0289210078618, -1919.7873486792914, -3113.5569416782773, -3555.814766027752, 284, 284, 284, -223, 284, 284]
Episode  189 Counter({5: 13})
[-4834.861070519035, -3700.868683559606, -5868.177332475505, -3385.469051006112, -2174.521244499645, -6561.79549589773, -2799.1620609459314, 316, 316, 316, 316, 316, 316]
Episode  190 Counter({5: 13})
[-2405.382316691807, -2497.574084208282, -3489.2608271598683, -2815.6294433082708, -4388.982886967142, -6877.728529715416, -2963.258260581172, 265, 265, -87, 265, 265, 265]
Episode  191 Counter({5: 13})
[-2542.317867189131, -2998.5313605997094, -4628.45829048897, -3058.4423781741802, -3618.890936533007, -5180.098974338322, -2670.441588005302, 304, 304, 304, 304, 304, 304]
Episode  192 Counter({5: 13})
[-4613.084729390673, -3348.838739181994, -4932.945211003787, -4516.631872226901, -5454.607895498415, -5831.202961695099, -3305.498162863096, 320, 320, 320, 320, 320, 320]
Episode  193 Counter({5: 13})
[-2745.518170154889, -3341.1345940097394, -4473.549035015327, -3696.123737717513, -4811.161943022122, -7808.023312597575, -4472.843002639249, 299, 299, 299, -2626, 299, 299]
Episode  194 Counter({5: 13})
[-4410.916135725416, -3742.2627294542535, -5323.649860662742, -6490.059677658678, -2415.107667888415, -6994.740766286102, -3656.275020904825, 307, 307, 307, 307, 307, 307]
Episode  195 Counter({5: 13})
[-3197.5657192537915, -1979.3713787815736, -3346.8673898072857, -5413.064226745172, -4934.595764161068, -4328.817609373395, -4400.510607967602, 286, 286, 286, 286, 286, 286]
Episode  196 Counter({5: 13})
[-4016.1575295248917, -4194.384875240405, -4774.0501264815775, -4197.029788143437, -8346.036506670192, -9645.223379801739, -4038.4023933437243, 304, 304, -2218, -3365, 304, 304]
Episode  197 Counter({3: 13})
[-391.5876255135712, -548.6219504849489, -749.8062399512378, -1220.321653740894, -392.25114585131985, -783.3983864662644, -861.1037109998754, 97, 97, 97, 97, 97, 97]
Episode  198 Counter({5: 13})
[-3834.623645478432, -3575.2678100028465, -4103.619206187684, -3906.5724786772353, -5157.850534867219, -7765.267890838145, -3132.1790526121945, 303, 303, 303, 303, 303, 303]
Episode  199 Counter({5: 13})
[-4652.799147406716, -4296.909467648633, -6222.688035949066, -3413.226853594094, -3114.0842899645436, -7808.530122420108, -4488.551417756584, 305, 305, 305, 305, 305, 305]
Episode  200 Counter({5: 13})
[-4176.119770083771, -2912.039183385327, -3533.848658231011, -6987.012582403165, -2904.1053067663156, -6393.694907969744, -5005.655994422653, 302, 302, 302, -1197, 302, 302]
Episode  201 Counter({5: 13})
[-2766.095190796464, -1477.823665850872, -2744.999309030243, -3394.8582507240444, -1918.1223777366472, -3552.2279276886798, -2428.4181860888016, 270, 270, 270, 270, 270, 270]
Episode  202 Counter({5: 13})
[-2842.7126194269563, -2642.185092947025, -4066.2383457257156, -4797.890726406542, -1050.7351737362674, -5790.5291403810315, -2571.2506441636447, 269, 269, 269, 269, 269, 269]
Episode  203 Counter({5: 13})
[-3241.304350966322, -2715.137907424644, -3689.171435774992, -5661.633259801519, -3505.970854278941, -6916.5416118994735, -3987.6989951795967, 274, 274, -853, -140, 274, 274]
Episode  204 Counter({5: 13})
[-4164.898047720495, -2713.4828927590324, -4439.699331753065, -5484.415101609946, -3586.388936901281, -6993.2489257441475, -3513.0207005495304, 299, 299, -735, -3153, 299, 299]
Episode  205 Counter({5: 13})
[-2674.170363316953, -3473.917380785652, -4460.243519121346, -4541.92028891214, -3318.7822689051372, -5960.104363134051, -3354.7142606340653, 292, 292, 292, 292, 292, 292]
Episode  206 Counter({3: 13})
[-662.9001458307309, -504.17844338528045, -341.98139249821344, -890.7996917798364, -563.8302598358567, -646.0781474971208, -749.1521940188243, 46, 46, 46, 46, 46, 46]
Episode  207 Counter({5: 13})
[-5738.162967917685, -5642.674712608188, -6683.848008204891, -5424.094709674855, -3685.0616939423376, -6786.90257707284, -3376.5889747817896, 320, 320, 320, 320, 320, 320]
Episode  208 Counter({5: 13})
[-3512.714859048994, -2955.6457626931365, -4058.726085707673, -4122.5035667445545, -5579.728814336823, -6308.615658718192, -4145.352979387576, 285, 285, 285, 285, 285, 285]
Episode  209 Counter({3: 13})
[-487.5982528618939, -498.14359291869965, -312.9587228328419, -732.1218802643524, -466.21584513359545, -605.8842830558833, -649.9325877160801, 46, 46, 46, 46, 46, 46]
Episode  210 Counter({5: 13})
[-2700.4905756368303, -3216.304809135517, -3299.659132457281, -4827.118627511101, -3620.1696613818795, -6755.232990482468, -4250.249045882551, 262, 262, -1051, -3035, 262, 262]
Episode  211 Counter({5: 13})
[-4541.010704797187, -4332.691698984761, -3880.134734727825, -6266.748540004873, -2048.7771925125735, -7134.162470310112, -4156.154064051418, 293, 293, 293, 293, 293, 293]
Episode  212 Counter({5: 13})
[-2987.766894633715, -2298.690964607956, -3206.144297078224, -4796.224557562514, -1644.840875949452, -6242.406813998059, -3240.9459315620447, 273, 273, 273, 273, 273, 273]
Episode  213 Counter({5: 13})
[-3511.001809229173, -3232.714091344445, -2442.1829332835796, -5975.674389472257, -1880.8555661354458, -7373.877512837702, -4777.981848847443, 270, 270, 270, 270, 270, 270]
Episode  214 Counter({4: 9, 2: 4})
[-4775.1898530851495, -5206.39957612577, -5172.48363307933, -2851.4039721425033, -1010.1173360213675, -8222.39619453696, -1610.4726126239482, 251, 251, 251, 251, 251, 240]
Episode  215 Counter({3: 13})
[-727.6055325043296, -966.3978027873152, -798.6812989707761, -687.588379154471, -1259.653111703319, -1833.8194020054848, -995.0824318392919, 92, 92, 92, 92, 92, 92]
Episode  216 Counter({5: 13})
[-1983.2104465062853, -2650.0258461207914, -3749.4984764663313, -4711.866745882252, -2131.257190284838, -3207.422136984522, -3565.8909500933287, 261, 261, -1238, 261, 261, 261]
Episode  217 Counter({3: 13})
[-467.5622098619479, -393.8235618186087, -387.00673249743596, -1032.4475099372066, -740.7793658140118, -850.340935558475, -648.9739758818881, 83, 83, 83, 83, 83, 83]
Episode  218 Counter({5: 13})
[-5371.0928791496035, -4266.806039078183, -5410.262737459499, -6398.974426776465, -3567.9961381342864, -6019.890272132793, -3756.6446176542695, 318, 318, 318, 318, 318, 318]
Episode  219 Counter({5: 13})
[-3739.925411794784, -3469.7942605637877, -3321.5272912025644, -4496.217435140269, -5400.039817596485, -6825.775354117541, -4295.181068538344, 275, 275, -759, 275, 275, 275]
Episode  220 Counter({3: 13})
[-489.27433759403215, -281.3154378307677, -344.09915755019483, -747.8838976633749, -548.278843332164, -1017.9243248834729, -623.2083152930045, 64, 64, 64, 64, 64, 64]
Episode  221 Counter({4: 11, 2: 2})
[-4163.12693990936, -4323.606437045083, -4356.749999391353, -6139.586493930905, -2912.0997576780405, -8428.083516898638, -4216.656631366366, 236, 236, 236, 236, 236, 225]
Episode  222 Counter({5: 13})
[-5483.636165578397, -4864.180804506278, -5622.848051628761, -6338.598620544169, -3296.8414024896665, -5857.064203631989, -4598.826201689591, 315, 315, 315, 315, 315, 315]
Episode  223 Counter({5: 13})
[-5579.9434661361365, -2215.1179152497107, -4576.291322310197, -5002.026303511615, -2905.3636068523056, -4441.895932346571, -4249.265833813454, 311, 311, 311, 300, 311, 311]
Episode  224 Counter({5: 13})
[-4079.84243034797, -4167.6490222769235, -5555.377330135842, -4498.219962735488, -1904.5346123562504, -8100.506932936677, -3879.1345667033343, 287, 287, 287, 287, 287, 287]
Episode  225 Counter({5: 13})
[-4408.093274553732, -3577.277874180278, -3709.283700326142, -5518.627708447687, -3577.094576818424, -3712.4368811319914, -5042.366158348374, 310, 310, 310, -2057, 310, 310]
Episode  226 Counter({5: 13})
[-3493.2094890305316, -4414.767352890303, -4421.677561177404, -3685.50470533977, -1495.2856218321704, -6348.521453761153, -2676.0007613214625, 272, 272, 272, 272, 272, 272]
Episode  227 Counter({5: 13})
[-4873.532580991873, -3918.1543505715576, -5679.846873829561, -5162.617375850741, -4190.776295462025, -7753.170449858883, -1848.8597571704504, 302, 302, 302, 302, 302, 302]
Episode  228 Counter({3: 13})
[-676.2170191961169, -523.9575293292769, -351.93849824309683, -577.6383960402751, -644.5925522507804, -884.218937949434, -779.6031781386843, 47, 47, 47, 47, 47, 47]
Episode  229 Counter({5: 13})
[-2759.6978528987484, -3036.169722732503, -2846.158804037579, -5653.8093448733825, -2185.654925157883, -4586.1665008996015, -3480.8422916834434, 264, 264, -1359, -1173, 264, 264]
Episode  230 Counter({5: 13})
[-2780.498538104066, -3106.5344883747166, -3755.613048920395, -5808.931269708587, -4313.719930665039, -8869.348618840355, -5160.168448387259, 298, 298, -178, -2193, 298, 298]
Episode  231 Counter({5: 13})
[-3895.5544061938663, -4078.2044914515227, -5060.31127509636, -3394.690309276601, -1519.4022484749976, -9921.974458430872, -4191.865430532518, 301, 301, 301, -578, 301, 301]
Episode  232 Counter({5: 13})
[-3715.356587518856, -4006.0363075272753, -3957.411790735224, -2089.5574217110575, -6486.595072634826, -9221.785153489009, -2826.1148051736573, 287, 287, 245, 287, 287, 287]
Episode  233 Counter({5: 13})
[-2685.881665196576, -1724.292789427309, -3475.965120617871, -5400.52045175177, -4735.860379540657, -3790.7739642647666, -4096.026543544587, 271, 271, 271, 271, 271, 271]
Episode  234 Counter({5: 13})
[-4764.740086509412, -3630.401340126874, -3776.34398051923, -5385.937595469567, -5624.4537220578595, -7858.963721112383, -1886.3052189292275, 303, 303, -1537, 303, 303, 303]
Episode  235 Counter({5: 13})
[-3008.330560584796, -3820.5008107866274, -4073.675717853997, -5086.0769466095135, -1629.284675077844, -6007.743663244236, -2359.2993422305926, 269, 269, 269, 269, 269, 269]
Episode  236 Counter({3: 13})
[-485.46017083985777, -291.422587555543, -269.38740728892105, -438.2344634536926, -541.3349540715103, -953.6297258266368, -609.5291345235255, 58, 58, 58, 58, 58, 58]
Episode  237 Counter({5: 13})
[-2822.2873419204557, -3347.85541393889, -3170.9390439154395, -5421.455913808995, -6998.83167055774, -7404.9915530600265, -4011.224382468299, 272, 272, -1258, 272, 272, 272]
Episode  238 Counter({5: 13})
[-3641.21350012285, -2445.4145153563004, -4674.9982104870505, -4490.4659694639, -4831.944286618327, -8277.119101909497, -3533.633536953182, 286, 286, -500, -2732, 286, 286]
Episode  239 Counter({5: 13})
[-4181.722954249203, -2869.5630795267866, -4361.024323841327, -2062.0686757674243, -2148.091920011041, -3471.3925257866094, -2134.9422949599143, 279, 279, 279, 279, 279, 279]
Episode  240 Counter({5: 13})
[-4073.4971094751268, -2766.5235460640743, -3752.1772052069714, -4599.199968782041, -2047.7753425749743, -5762.574806579482, -4257.318105056631, 301, 301, 301, 166, 301, 301]
Episode  241 Counter({5: 13})
[-2648.0622579038336, -2507.610720792647, -3860.0982101630107, -3446.0559411785666, -3595.2795975164713, -2187.9787470717188, -4053.869819102935, 301, 301, 301, -919, 301, 301]
Episode  242 Counter({5: 13})
[-3551.150359773258, -3326.0023863790807, -4272.511669531095, -2564.0538301265287, -4739.321636844326, -7856.531060823653, -2298.609420197145, 287, 287, 287, 287, 287, 287]
Episode  243 Counter({5: 13})
[-1611.734821064154, -2411.0897704323024, -3685.447541384769, -5979.254590848441, -6337.373509504848, -4294.134924825637, -4881.31826946014, 294, 294, 294, -3034, 294, 294]
Episode  244 Counter({3: 13})
[-576.8131079769863, -424.46522281498994, -401.6500015342527, -1046.3380532011656, -903.0744126794677, -995.9780891330328, -740.1682788923463, 55, 55, 55, 55, 55, 55]
Episode  245 Counter({5: 13})
[-3928.4578275055255, -1955.2878656126534, -4706.068688961838, -3895.461679771975, -4337.71613676714, -9930.080700152273, -3700.6693311448016, 298, 298, -1666, -3123, 298, 298]
Episode  246 Counter({5: 13})
[-2086.011461932323, -5241.5695862285975, -6241.224045756457, -6065.715353272441, -1337.7754257066129, -6685.033271457949, -3738.2208640477456, 315, 315, -3509, -874, 315, 315]
Episode  247 Counter({5: 13})
[-2316.144012334103, -4002.1235925322057, -4443.011460553814, -3157.114373454029, -5348.308289883827, -8663.657271358914, -5098.694046426765, 280, 280, 280, 280, 280, 280]
Episode  248 Counter({3: 13})
[-496.82378235144614, -499.2310188345677, -399.3460191714593, -921.3803483932395, -857.881938582547, -1314.2968655563657, -962.3001417531466, 62, 62, 62, 62, 62, 62]
Episode  249 Counter({5: 13})
[-2821.847766560743, -2546.104796105171, -5030.4650441238155, -4838.612540585699, -2854.81855794121, -4495.437339446846, -3897.789752398226, 305, 305, 305, 305, 305, 305]
Episode  250 Counter({5: 13})
[-2172.499380616161, -3223.831538716484, -4767.351610628398, -5955.986077634851, -4880.853616193086, -8105.276315251061, -5412.763213897813, 297, 297, 297, -3186, 297, 297]
Episode  251 Counter({5: 13})
[-3710.5869514955325, -4333.958792168242, -4054.4876176050066, -5206.396519945322, -1377.1161606167807, -8456.72483232886, -3295.914681559883, 284, 284, 284, 284, 284, 284]
Episode  252 Counter({5: 13})
[-3661.0344006128817, -3859.668689347171, -3653.0855394200225, -2746.6661103593033, -1525.3910789147828, -7629.924954173947, -2443.712432262448, 264, 264, 264, -1824, 264, 264]
Episode  253 Counter({5: 13})
[-1601.5502381641513, -2341.09990723638, -3849.9193933204115, -3482.1345155926883, -3239.415858879086, -5319.358784488299, -3459.1518774461706, 262, 262, 262, -1237, 262, 262]
Episode  254 Counter({5: 13})
[-3510.9933547457704, -3783.595142209375, -5433.892283726497, -6816.465848505544, -1948.5224627180487, -5957.262983795729, -4342.676362621079, 301, 301, 301, 301, 301, 301]
Episode  255 Counter({5: 13})
[-857.0407199183572, -2240.779610269933, -3331.9007388263763, -2698.5156644088534, -3153.0311939332223, -1293.8614124542655, -3463.6785185042672, 279, 279, 279, -507, 279, 279]
Episode  256 Counter({5: 13})
[-1609.8059114060745, -2514.2764390466127, -3298.451607271589, -3117.660032072446, -4074.1696526120672, -7236.552748455645, -4080.294577460995, 262, 262, 262, -2043, 262, 262]
Episode  257 Counter({5: 13})
[-5351.624195115636, -4471.9421945796175, -5065.13582066574, -2956.2436722241227, -3637.441724135484, -1804.6913695191606, -3833.49547672973, 318, 318, 318, 318, 318, 318]
Episode  258 Counter({5: 13})
[-2815.5600636870013, -1565.4630117748638, -1957.9520820075577, -1467.9691473324103, -2175.0362234982, -1245.0174418060292, -1910.9641088505132, 287, 287, 287, 276, 287, 287]
Episode  259 Counter({5: 13})
[-3281.275933610541, -3451.9175706809524, -2917.57905511499, -4266.60811703293, -2734.9383316863373, -1935.1248429224156, -2568.0984498005796, 297, 297, 297, -1605, 297, 297]
Episode  260 Counter({5: 13})
[-4541.276675896387, -2434.692234657404, -3473.496073575889, -3094.18597331813, -3100.529750040584, -2069.111070715878, -4796.639017064114, 313, 313, 313, 313, 313, 313]
Episode  261 Counter({5: 13})
[-3203.055351902247, -2973.1293703605697, -4034.6219618433715, -4377.758992773017, -3956.764346432782, -6841.123676336219, -4039.8341718906245, 302, 302, -825, -2871, 302, 302]
Episode  262 Counter({5: 13})
[-3218.67095802285, -2340.2799463515516, -3013.8028309267056, -3933.368078941301, -3351.8370612264957, -2895.198726582975, -4474.78506909254, 287, 287, 287, 287, 287, 287]
Episode  263 Counter({5: 13})
[-3490.477409650709, -1850.5925252191246, -3834.261268272382, -5684.727527651476, -4395.260592732997, -3999.070271254936, -4437.139578137704, 289, 289, 289, -1644, 289, 289]
Episode  264 Counter({5: 13})
[-3158.326295319068, -2575.8715569678347, -3662.690908589099, -3007.2055839019254, -3506.9509533212604, -7042.045893044763, -3116.4885201713337, 263, 263, 263, -1887, 263, 263]
Episode  265 Counter({5: 13})
[-3992.9377183737556, -2113.88071252983, -3568.5361044451934, -4563.858977266028, -5400.989471938665, -4022.3501404366616, -4107.770184685427, 285, 285, 285, -2795, 285, 285]
Episode  266 Counter({5: 13})
[-3312.7665964686685, -3789.3861218743596, -3623.8494825893217, -5913.932297124962, -1615.519747073812, -6756.499936943111, -3162.239020224004, 263, 263, 263, -616, 263, 263]
Episode  267 Counter({5: 13})
[-4725.703261659806, -2931.0821923041144, -3857.830912134318, -3102.696258311051, -4364.843917471191, -8373.341603954794, -3114.2788043402206, 291, 291, 291, 218, 291, 291]
Episode  268 Counter({5: 13})
[-4642.628792896451, -2497.4469368400514, -4467.810608917267, -3933.346369992396, -7067.5450177887205, -8790.641634329651, -1673.746339188591, 294, 294, -1856, -2197, 294, 294]
Episode  269 Counter({5: 13})
[-4734.962492539571, -3943.437800541638, -4493.824977847236, -6959.033093776328, -2774.144886604236, -10190.88996506325, -1972.4543277303644, 312, 312, -753, 312, 312, 312]
Episode  270 Counter({5: 13})
[-2665.068284817913, -3330.358288985057, -3311.330884663502, -3804.509932537907, -2807.4950968158637, -3254.1591151276834, -3301.4597929736055, 271, 271, 271, 229, 271, 271]
Episode  271 Counter({5: 13})
[-2503.54142329743, -4673.560453788014, -5093.978098125171, -3368.851977772598, -5572.614496869523, -10108.54715176012, -5965.084907204815, 303, 303, 303, -2188, 303, 303]
Episode  272 Counter({5: 13})
[-4608.92389302522, -4488.5115710128675, -3703.7057228540552, -5590.165769223804, -2781.102536034482, -8293.655741010556, -5539.116212734227, 306, 306, 306, 306, 306, 306]
Episode  273 Counter({5: 13})
[-5471.365018623312, -5721.5086022746145, -6356.1852051450205, -4816.881165116157, -2295.585402547442, -9935.485821727307, -3290.642003459422, -236, 302, 302, -19, 302, 302]
Episode  274 Counter({3: 13})
[-400.49344384852157, -417.91057589937844, -243.37648469229111, -513.5913263973226, -503.4903200060529, -455.80898411121996, -436.01322418345853, 37, 37, 37, 37, 37, 37]
Episode  275 Counter({5: 13})
[-3015.897571293199, -3233.477846024245, -4628.602962008359, -3722.384018057027, -3629.597816891517, -6693.398331430313, -2116.672177425542, 284, 284, 284, 284, 284, 284]
Episode  276 Counter({5: 13})
[-4802.896046771451, -2739.3882796820276, -4850.381865035928, -3754.5526181578707, -3291.221920097222, -8064.970481410002, -3048.964101561992, 302, 302, -1724, 302, 302, 302]
Episode  277 Counter({3: 13})
[-436.62142810750254, -594.683448574729, -663.9776746614014, -929.1138585372561, -830.3675476077464, -968.9396138904671, -808.6535989039245, 57, 57, 57, 57, 57, 57]
Episode  278 Counter({5: 13})
[-5360.422535725567, -2567.295359703574, -6186.2984698265755, -4639.678514816264, -5052.652565104142, -3436.5621352523112, -4040.0373158555385, 318, -1274, 318, 318, 318, 318]
Episode  279 Counter({3: 13})
[-413.10471420535396, -449.2556040968438, -403.0347436012897, -905.9268143353397, -635.0936255983531, -640.582704290493, -726.5748897326503, 62, 62, 62, 62, 62, 62]
Episode  280 Counter({3: 13})
[-306.5624864759435, -286.1428193234687, -182.62486804208802, -460.4464407595492, -339.61231542629696, -376.7693516168177, -351.819843296455, 37, 37, 37, 37, 37, 37]
Episode  281 Counter({5: 13})
[-4120.844287039907, -2763.47613476961, -4333.420417774812, -3633.311239718682, -4512.6909641120865, -4109.102793461819, -2610.6022909121393, 289, 289, 289, -2481, 289, 289]
Episode  282 Counter({5: 13})
[-1983.8690400886342, -3380.1634464125377, -5260.57742575142, -2638.543089597814, -2259.9350868803017, -2308.030922632479, -3857.135890109072, 304, 304, 304, 304, 304, 304]
Episode  283 Counter({5: 13})
[-3138.371012770254, -2998.6157457217378, -4598.782533595017, -6590.046546891342, -3329.869342065505, -7630.796448601794, -4216.133261462091, 292, 292, 292, 292, 292, 292]
